-3.00
-3.12
-3.23
-3.35
-3.46
-3.57
-3.68
-3.80
-3.90
-4.01
-4.12
-4.22
-4.33
-4.43
-4.53
-4.63
-4.73
-4.83
-4.92
-5.02
-5.11
-5.20
-5.29
-5.37
-5.46
-5.54
-5.63
-5.71
-5.79
-5.86
-5.94
-6.01
-6.08
-6.15
-6.22
-6.28
-6.34
-6.41
-6.47
-6.52
-6.58
-6.63
-6.68
-6.73
-6.78
-6.82
-6.86
-6.90
-6.94
-6.98
-7.01
-7.04
-7.07
-7.10
-7.12
-7.15
-7.17
-7.18
-7.20
-7.21
-7.23
-7.24
-7.24
-7.25
-7.25
-7.25
-7.25
-7.24
-7.24
-7.23
-7.22
-7.21
-7.19
-7.17
-7.15
-7.13
-7.11
-7.08
-7.05
-7.02
-6.99
-6.96
-6.92
-6.88
-6.84
-6.80
-6.75
-6.71
-6.66
-6.61
-6.56
-6.50
-6.45
-6.39
-6.33
-6.27
-6.20
-6.14
-6.07
-6.00
-5.93
-5.86
-5.78
-5.71
-5.63
-5.55
-5.47
-5.39
-5.31
-5.22
-5.13
-5.05
-4.96
-4.87
-4.77
-4.68
-4.59
-4.49
-4.39
-4.30
-4.20
-4.09
-3.99
-3.89
-3.79
-3.68
-3.58
-3.47
-3.36
-3.25
-3.14
-3.03
-2.92
-2.81
-2.70
-2.58
-2.47
-2.35
-2.24
-2.12
-2.01
-1.89
-1.77
-1.65
-1.54
-1.42
-1.30
-1.18
-1.06
-0.94
-0.82
-0.70
-0.58
-0.46
-0.34
-0.22
-0.10
 0.03
 0.15
 0.27
 0.39
 0.51
 0.63
 0.75
 0.87
 0.99
 1.11
 1.23
 1.34
 1.46
 1.58
 1.70
 1.81
 1.93
 2.05
 2.16
 2.28
 2.39
 2.50
 2.62
 2.73
 2.84
 2.95
 3.06
 3.17
 3.28
 3.38
 3.49
 3.59
 3.70
 3.80
 3.90
 4.00
 4.10
 4.20
 4.30
 4.40
 4.49
 4.59
 4.68
 4.77
 4.86
 4.95
 5.04
 5.12
 5.21
 5.29
 5.37
 5.45
 5.53
 5.61
 5.69
 5.76
 5.83
 5.91
 5.97
 6.04
 6.11
 6.17
 6.24
 6.30
 6.36
 6.41
 6.47
 6.52
 6.58
 6.63
 6.67
 6.72
 6.77
 6.81
 6.85
 6.89
 6.93
 6.96
 6.99
 7.03
 7.05
 7.08
 7.11
 7.13
 7.15
 7.17
 7.19
 7.20
 7.22
 7.23
 7.24
 7.24
 7.25
 7.25
 7.25
 7.25
 7.24
 7.24
 7.23
 7.22
 7.21
 7.19
 7.18
 7.16
 7.14
 7.10
 7.09
 7.07
 7.04
 7.01
 6.97
 6.94
 6.90
 6.86
 6.82
 6.78
 6.73
 6.68
 6.63
 6.58
 6.53
 6.48
 6.42
 6.36
 6.30
 6.24
 6.17
 6.10
 6.04
 5.96
 5.89
 5.82
 5.74
 5.67
 5.59
 5.50
 5.42
 5.34
 5.25
 5.16
 5.07
 4.98
 4.89
 4.80
 4.70
 4.61
 4.51
 4.41
 4.31
 4.20
 4.10
 3.99
 3.89
 3.78
 3.67
 3.56
 3.45
 3.34
 3.23
 3.11
 3.00
 2.88
 2.76
 2.64
 2.53
 2.41
 2.29
 2.16
 2.04
 1.92
 1.80
 1.67
 1.55
 1.42
 1.30
 1.17
 1.04
 0.92
 0.79
 0.66
 0.54
 0.41
 0.28
 0.15
 0.12
-0.10
-0.23
-0.36
-0.49
-0.62
-0.74
-0.87
-1.00
-1.13
-1.25
-1.38
-1.50
-1.63
-1.76
-1.88
-2.00
-2.13
-2.25
-2.37
-2.49
-2.61
-2.73
-2.85
