Tue Dec  2 10:03:02 2014   calc_USAF_spotindex_Nov12.pro
SSB:1986 AREA-DEP & AREA-INDEP CONTRASTS & SDEVS: BOL EXCESS=0.324
      860101   -999.00   -999.00   -999.00   -999.00       0
      860102   -999.00   -999.00   -999.00   -999.00       0
      860103   -999.00   -999.00   -999.00   -999.00       0
      860104   -999.00   -999.00   -999.00   -999.00       0
      860105   -999.00   -999.00   -999.00   -999.00       0
      860106   -999.00   -999.00   -999.00   -999.00       0
      860107   -999.00   -999.00   -999.00   -999.00       0
      860108   -999.00   -999.00   -999.00   -999.00       0
      860109   -999.00   -999.00   -999.00   -999.00       0
      860110   -999.00   -999.00   -999.00   -999.00       0
      860111   -999.00   -999.00   -999.00   -999.00       0
      860112   -999.00   -999.00   -999.00   -999.00       0
      860113     28.96     17.42    106.80     62.62       6
      860114     24.61      5.78     90.22     20.52       6
      860115      9.23      7.89     34.01     28.78       7
      860116      4.76   -999.00     17.86   -999.00       1
      860117   -999.00   -999.00   -999.00   -999.00       0
      860118   -999.00   -999.00   -999.00   -999.00       0
      860119   -999.00   -999.00   -999.00   -999.00       0
      860120   -999.00   -999.00   -999.00   -999.00       0
      860121   -999.00   -999.00   -999.00   -999.00       0
      860122      1.32      0.18      5.32      0.73       2
      860123   -999.00   -999.00   -999.00   -999.00       0
      860124   -999.00   -999.00   -999.00   -999.00       0
      860125   -999.00   -999.00   -999.00   -999.00       0
      860126      6.16   -999.00     24.90   -999.00       1
      860127   -999.00   -999.00   -999.00   -999.00       0
      860128   -999.00   -999.00   -999.00   -999.00       0
      860129   -999.00   -999.00   -999.00   -999.00       0
      860130      7.17      6.43     25.79     22.68       3
      860131     38.12     21.91    135.95     77.82       6
      860201    115.19     42.85    400.92    145.67       6
      860202    284.00     58.79    981.04    203.61       4
      860203    434.20     38.46   1492.07    129.52       6
      860204    523.02     64.67   1794.18    215.62       4
      860205    457.73     42.90   1586.32    143.75       4
      860206    395.10     45.49   1381.30    151.48       5
      860207    276.23     33.16    978.89    113.60       5
      860208    191.17     83.07    686.85    287.28       4
      860209    220.21     18.63    783.01     63.55       3
      860210    266.84     24.60    930.48     83.32       5
      860211    337.91     20.55   1158.15     64.58       4
      860212    220.93     18.45    756.31     62.85       6
      860213    102.86     36.54    353.10    122.61       4
      860214     19.14     18.46     66.90     64.21       6
      860215      8.42   -999.00     29.91   -999.00       1
      860216   -999.00   -999.00   -999.00   -999.00       0
      860217   -999.00   -999.00   -999.00   -999.00       0
      860218   -999.00   -999.00   -999.00   -999.00       0
      860219   -999.00   -999.00   -999.00   -999.00       0
      860220      1.65      1.22      6.53      4.76       3
      860221      1.98      0.48      7.99      1.93       3
      860222      3.10   -999.00     12.52   -999.00       1
      860223      4.81      0.32     19.43      1.28       2
      860224      5.33   -999.00     21.52   -999.00       1
      860225   -999.00   -999.00   -999.00   -999.00       0
      860226      6.11      0.00     24.68      0.02       2
      860227     20.93      9.68     80.03     36.04       5
      860228      5.66      5.52     21.51     21.75       3
      860301     44.01     34.96    153.99    118.34       3
      860302     88.85      0.65    317.27      5.07       2
      860303    149.41     56.20    525.59    190.61       3
      860304    183.79     63.02    643.62    212.84       5
      860305    243.61     68.22    850.39    230.74       4
      860306    219.10     83.08    769.79    282.63       3
      860307    206.77     81.11    728.23    275.94       2
      860308    106.27     31.14    382.31    107.48       5
      860309     74.02     13.04    268.46     45.18       5
      860310     36.12      4.45    132.83     16.36       2
      860311     19.26     11.27     71.54     41.02       6
      860312      7.94      5.29     29.83     19.50       4
      860313   -999.00   -999.00   -999.00   -999.00       0
      860314   -999.00   -999.00   -999.00   -999.00       0
      860315   -999.00   -999.00   -999.00   -999.00       0
      860316   -999.00   -999.00   -999.00   -999.00       0
      860317   -999.00   -999.00   -999.00   -999.00       0
      860318   -999.00   -999.00   -999.00   -999.00       0
      860319   -999.00   -999.00   -999.00   -999.00       0
      860320      8.96      5.37     35.31     20.29       5
      860321      9.82      0.78     38.54      3.05       2
      860322      5.51      2.60     21.82      9.89       2
      860323      2.56      1.69     10.18      6.51       4
      860324      4.76      1.51     18.92      6.12       5
      860325      3.15      0.36     12.71      1.47       4
      860326      4.07   -999.00     16.43   -999.00       1
      860327   -999.00   -999.00   -999.00   -999.00       0
      860328      7.34      3.27     29.31     12.50       4
      860329      5.85      0.06     23.64      0.26       3
      860330      5.77   -999.00     23.32   -999.00       1
      860331   -999.00   -999.00   -999.00   -999.00       0
      860401     12.40   -999.00     48.64   -999.00       1
      860402      6.13      0.00     24.77      0.01       2
      860403      6.05      0.05     24.43      0.22       2
      860404   -999.00   -999.00   -999.00   -999.00       0
      860405   -999.00   -999.00   -999.00   -999.00       0
      860406   -999.00   -999.00   -999.00   -999.00       0
      860407      6.17   -999.00     24.95   -999.00       1
      860408      6.18   -999.00     24.97   -999.00       1
      860409   -999.00   -999.00   -999.00   -999.00       0
      860410      2.72      0.34     11.00      1.36       3
      860411      9.36      2.20     36.51      8.26       4
      860412     10.45      6.02     40.81     22.52       6
      860413     10.29      2.93     40.53     11.17       4
      860414     17.78      9.12     68.66     33.79       6
      860415     15.49      6.25     58.99     23.36       5
      860416     45.04     25.18    163.89     86.60       5
      860417     44.95     11.87    165.17     41.90       6
      860418     48.63      7.99    179.85     28.45       5
      860419     47.31     15.26    175.80     54.48       5
      860420     39.11     11.13    148.29     41.12       6
      860421     43.02      6.29    164.54     22.17       6
      860422     36.36      8.74    137.89     32.50       6
      860423    127.14     67.36    463.83    241.09       5
      860424    251.78    111.11    890.62    378.33       5
      860425    263.67     91.42    928.28    312.20       6
      860426    221.79     24.63    778.58     84.37       5
      860427    209.55     25.86    730.14     86.00       5
      860428    102.81     32.20    362.16    111.16       6
      860429     66.10     31.23    237.09    108.07       6
      860430     17.13     15.02     64.20     53.99       4
      860501     11.02      2.16     41.76      7.85       5
      860502     14.12      4.48     53.95     16.46       5
      860503      2.06      0.99      8.24      3.81       5
      860504      1.17   -999.00      4.71   -999.00       1
      860505   -999.00   -999.00   -999.00   -999.00       0
      860506   -999.00   -999.00   -999.00   -999.00       0
      860507   -999.00   -999.00   -999.00   -999.00       0
      860508      4.49   -999.00     18.13   -999.00       1
      860509   -999.00   -999.00   -999.00   -999.00       0
      860510   -999.00   -999.00   -999.00   -999.00       0
      860511   -999.00   -999.00   -999.00   -999.00       0
      860512   -999.00   -999.00   -999.00   -999.00       0
      860513   -999.00   -999.00   -999.00   -999.00       0
      860514   -999.00   -999.00   -999.00   -999.00       0
      860515      1.77      0.81      6.95      3.09       6
      860516      6.85      2.63     26.31      9.82       5
      860517     14.58      5.90     55.50     21.74       5
      860518     23.46      9.04     89.53     33.69       6
      860519     28.17      6.49    107.56     24.23       5
      860520     21.68      3.91     83.37     14.57       5
      860521     25.74     11.27     99.16     43.09       5
      860522     26.71     16.25    102.56     61.50       5
      860523     20.79      7.29     79.88     27.14       5
      860524     26.30      8.02    100.31     29.19       6
      860525     31.90     15.92    120.16     57.75       4
      860526     48.57     13.55    180.56     47.22       6
      860527     14.90      7.62     57.33     28.68       6
      860528     14.16      6.77     55.38     25.92       5
      860529      8.47      3.79     33.44     14.71       6
      860530      5.88      3.54     23.06     13.54       5
      860531      3.34      1.19     13.13      4.63       6
      860601      2.50      1.19      9.73      4.45       3
      860602   -999.00   -999.00   -999.00   -999.00       0
      860603   -999.00   -999.00   -999.00   -999.00       0
      860604   -999.00   -999.00   -999.00   -999.00       0
      860605   -999.00   -999.00   -999.00   -999.00       0
      860606   -999.00   -999.00   -999.00   -999.00       0
      860607   -999.00   -999.00   -999.00   -999.00       0
      860608   -999.00   -999.00   -999.00   -999.00       0
      860609   -999.00   -999.00   -999.00   -999.00       0
      860610   -999.00   -999.00   -999.00   -999.00       0
      860611   -999.00   -999.00   -999.00   -999.00       0
      860612   -999.00   -999.00   -999.00   -999.00       0
      860613   -999.00   -999.00   -999.00   -999.00       0
      860614   -999.00   -999.00   -999.00   -999.00       0
      860615   -999.00   -999.00   -999.00   -999.00       0
      860616   -999.00   -999.00   -999.00   -999.00       0
      860617   -999.00   -999.00   -999.00   -999.00       0
      860618   -999.00   -999.00   -999.00   -999.00       0
      860619   -999.00   -999.00   -999.00   -999.00       0
      860620   -999.00   -999.00   -999.00   -999.00       0
      860621      5.30   -999.00     21.42   -999.00       1
      860622   -999.00   -999.00   -999.00   -999.00       0
      860623   -999.00   -999.00   -999.00   -999.00       0
      860624   -999.00   -999.00   -999.00   -999.00       0
      860625   -999.00   -999.00   -999.00   -999.00       0
      860626   -999.00   -999.00   -999.00   -999.00       0
      860627   -999.00   -999.00   -999.00   -999.00       0
      860628   -999.00   -999.00   -999.00   -999.00       0
      860629   -999.00   -999.00   -999.00   -999.00       0
      860630   -999.00   -999.00   -999.00   -999.00       0
      860701   -999.00   -999.00   -999.00   -999.00       0
      860702   -999.00   -999.00   -999.00   -999.00       0
      860703      5.34      0.05     21.57      0.21       3
      860704     12.27      2.80     47.81     10.44       6
      860705     26.38      8.51     99.14     30.64       7
      860706     29.08     10.78    108.78     38.90       6
      860707     37.47     10.13    138.25     36.68       6
      860708     47.38     12.69    173.39     45.55       6
      860709     50.93     11.73    187.94     41.76       7
      860710     81.29     16.59    301.12     59.31       6
      860711     76.88     21.03    284.26     75.25       6
      860712     71.95     23.36    265.78     82.51       6
      860713     22.23     16.86     84.01     62.19       7
      860714     16.79      7.10     64.15     26.49       6
      860715     10.41      4.16     40.22     15.45       6
      860716      9.25      4.00     35.74     14.92       6
      860717     11.92      6.71     46.69     25.97       6
      860718     11.73      3.85     46.03     14.81       6
      860719     13.13     15.82     50.41     58.00       7
      860720      6.88      1.29     27.49      4.93       5
      860721     12.83      4.39     51.15     16.80       6
      860722      9.06      8.13     35.97     31.60       4
      860723      5.47   -999.00     22.08   -999.00       1
      860724   -999.00   -999.00   -999.00   -999.00       0
      860725   -999.00   -999.00   -999.00   -999.00       0
      860726   -999.00   -999.00   -999.00   -999.00       0
      860727      4.73      3.51     17.43     12.50       4
      860728     15.07      6.24     55.15     22.18       6
      860729     42.60     15.40    153.31     54.11       7
      860730     77.58     28.53    277.96     99.38       6
      860731     88.94     24.56    320.40     85.95       7
      860801     87.40     17.87    317.30     62.70       7
      860802     85.67     20.56    312.00     72.23       7
      860803     94.60     15.12    343.12     52.90       6
      860804     77.15     17.76    280.66     62.10       7
      860805     52.66     14.04    192.68     49.15       6
      860806     38.46      6.53    140.63     23.00       7
      860807     17.24      3.30     63.54     11.38       5
      860808      5.12      1.27     19.07      4.85       5
      860809      0.19   -999.00      0.73   -999.00       1
      860810   -999.00   -999.00   -999.00   -999.00       0
      860811   -999.00   -999.00   -999.00   -999.00       0
      860812   -999.00   -999.00   -999.00   -999.00       0
      860813   -999.00   -999.00   -999.00   -999.00       0
      860814   -999.00   -999.00   -999.00   -999.00       0
      860815   -999.00   -999.00   -999.00   -999.00       0
      860816     12.18      0.14     47.78      0.54       2
      860817      6.12   -999.00     24.75   -999.00       1
      860818   -999.00   -999.00   -999.00   -999.00       0
      860819   -999.00   -999.00   -999.00   -999.00       0
      860820      5.49      2.13     21.95      8.12       4
      860821     13.53      3.42     52.55     12.80       4
      860822     14.66      3.25     56.93     12.12       6
      860823     10.41      4.68     40.12     18.59       5
      860824     13.99      3.80     51.81     13.67       5
      860825     26.84     13.37     99.04     47.88       5
      860826     32.91      7.97    122.38     28.99       5
      860827     43.35      4.67    160.99     17.08       5
      860828     54.00     11.40    199.81     40.91       5
      860829     53.64      9.93    198.92     35.46       5
      860830     48.52      6.12    180.35     21.98       5
      860831     38.48     10.41    143.49     37.31       6
      860901     27.79      9.58    103.85     34.62       6
      860902     17.53      2.95     65.93     10.76       6
      860903     13.10      4.59     49.16     17.56       6
      860904      2.53      2.07      9.58      7.70       5
      860905   -999.00   -999.00   -999.00   -999.00       0
      860906     12.60      2.61     48.37      9.67       3
      860907     20.87      6.15     79.05     22.47       5
      860908     17.22      4.56     66.22     16.88       5
      860909      6.71      2.49     26.85      9.50       5
      860910      5.46      0.11     22.06      0.45       5
      860911   -999.00   -999.00   -999.00   -999.00       0
      860912   -999.00   -999.00   -999.00   -999.00       0
      860913   -999.00   -999.00   -999.00   -999.00       0
      860914   -999.00   -999.00   -999.00   -999.00       0
      860915   -999.00   -999.00   -999.00   -999.00       0
      860916   -999.00   -999.00   -999.00   -999.00       0
      860917   -999.00   -999.00   -999.00   -999.00       0
      860918   -999.00   -999.00   -999.00   -999.00       0
      860919   -999.00   -999.00   -999.00   -999.00       0
      860920   -999.00   -999.00   -999.00   -999.00       0
      860921   -999.00   -999.00   -999.00   -999.00       0
      860922   -999.00   -999.00   -999.00   -999.00       0
      860923   -999.00   -999.00   -999.00   -999.00       0
      860924   -999.00   -999.00   -999.00   -999.00       0
      860925   -999.00   -999.00   -999.00   -999.00       0
      860926   -999.00   -999.00   -999.00   -999.00       0
      860927   -999.00   -999.00   -999.00   -999.00       0
      860928   -999.00   -999.00   -999.00   -999.00       0
      860929      5.10      4.11     18.86     14.89       5
      860930     10.70      6.22     39.81     22.69       4
      861001      4.27   -999.00     16.75   -999.00       1
      861002     29.58     14.72    111.23     54.09       3
      861003     30.00     17.81    114.03     66.44       4
      861004     27.39      8.61    106.00     31.98       7
      861005     14.52      4.69     57.88     17.87       7
      861006     16.28      9.29     63.47     35.40       6
      861007     28.51     10.58    108.52     37.62       5
      861008     29.65     15.41    110.62     55.75       5
      861009     99.02    156.35    352.12    535.59       7
      861010     21.24      8.30     81.62     31.11       6
      861011     14.17      4.47     54.18     16.54       6
      861012      9.06      7.59     34.52     28.26       6
      861013      8.44      4.92     31.62     18.43       2
      861014   -999.00   -999.00   -999.00   -999.00       0
      861015   -999.00   -999.00   -999.00   -999.00       0
      861016      0.48      0.35      1.83      1.38       2
      861017     20.24     10.48     71.49     36.28       6
      861018     68.82     23.42    239.59     80.51       6
      861019    171.35     98.53    587.79    326.21       6
      861020    213.45     71.97    738.04    239.88       7
      861021    216.71     48.49    759.38    166.75       5
      861022    271.55     84.84    953.74    290.36       5
      861023    194.44     36.32    699.27    126.36       6
      861024    199.63     47.68    723.20    167.28       6
      861025    128.31     32.80    472.69    117.13       5
      861026    129.07     57.51    472.41    204.28       7
      861027    106.28     23.90    392.15     84.86       5
      861028    132.20     44.30    479.43    154.29       7
      861029    158.13     32.21    568.70    113.88       6
      861030    149.52     22.56    539.10     78.56       5
      861031    199.34     40.57    715.20    144.31       5
      861101    271.70     25.13    970.67     84.70       5
      861102    230.40     32.77    828.36    114.89       5
      861103    138.08      9.80    505.48     34.99       5
      861104    101.43     32.69    373.94    116.02       6
      861105     87.46     24.24    322.24     85.14       6
      861106     52.89     18.32    195.01     65.21       6
      861107     29.92     17.05    110.95     61.85       4
      861108      4.88      2.27     18.51      8.39       3
      861109      1.31   -999.00      5.04   -999.00       1
      861110      2.57   -999.00     10.37   -999.00       1
      861111   -999.00   -999.00   -999.00   -999.00       0
      861112   -999.00   -999.00   -999.00   -999.00       0
      861113   -999.00   -999.00   -999.00   -999.00       0
      861114      2.04      1.25      7.83      4.75       3
      861115      9.29      5.10     34.56     18.47       5
      861116     10.26      4.55     38.95     16.72       6
      861117     15.43      8.08     58.48     29.73       7
      861118     10.13      5.40     39.46     20.21       6
      861119     11.82      4.77     46.09     17.96       5
      861120      8.27      4.62     32.99     18.04       6
      861121      4.70      0.60     18.99      2.41       6
      861122      3.45      0.36     13.94      1.45       3
      861123      4.11      3.80     16.25     14.69       4
      861124      2.36   -999.00      9.12   -999.00       1
      861125      0.21   -999.00      0.84   -999.00       1
      861126   -999.00   -999.00   -999.00   -999.00       0
      861127   -999.00   -999.00   -999.00   -999.00       0
      861128   -999.00   -999.00   -999.00   -999.00       0
      861129   -999.00   -999.00   -999.00   -999.00       0
      861130   -999.00   -999.00   -999.00   -999.00       0
      861201   -999.00   -999.00   -999.00   -999.00       0
      861202   -999.00   -999.00   -999.00   -999.00       0
      861203   -999.00   -999.00   -999.00   -999.00       0
      861204   -999.00   -999.00   -999.00   -999.00       0
      861205   -999.00   -999.00   -999.00   -999.00       0
      861206   -999.00   -999.00   -999.00   -999.00       0
      861207   -999.00   -999.00   -999.00   -999.00       0
      861208   -999.00   -999.00   -999.00   -999.00       0
      861209      5.36      1.72     21.18      6.53       3
      861210     13.05      5.71     50.25     21.20       6
      861211     14.30      7.54     55.63     28.00       7
      861212      9.25      3.56     36.89     13.71       5
      861213     10.02      3.24     40.15     12.31       6
      861214      6.60      3.11     26.68     12.56       2
      861215   -999.00   -999.00   -999.00   -999.00       0
      861216   -999.00   -999.00   -999.00   -999.00       0
      861217      4.84   -999.00     19.57   -999.00       1
      861218   -999.00   -999.00   -999.00   -999.00       0
      861219   -999.00   -999.00   -999.00   -999.00       0
      861220   -999.00   -999.00   -999.00   -999.00       0
      861221      8.60      6.39     33.48     23.95       4
      861222     24.21     12.19     91.26     44.40       6
      861223     18.64      3.95     71.48     14.44       7
      861224      7.12      2.88     28.34     11.00       6
      861225      5.70      0.68     23.04      2.76       2
      861226   -999.00   -999.00   -999.00   -999.00       0
      861227   -999.00   -999.00   -999.00   -999.00       0
      861228   -999.00   -999.00   -999.00   -999.00       0
      861229   -999.00   -999.00   -999.00   -999.00       0
      861230   -999.00   -999.00   -999.00   -999.00       0
      861231   -999.00   -999.00   -999.00   -999.00       0
