Tue Dec  2 10:03:01 2014   calc_USAF_spotindex_Nov12.pro
SSB:1985 AREA-DEP & AREA-INDEP CONTRASTS & SDEVS: BOL EXCESS=0.324
      850101   -999.00   -999.00   -999.00   -999.00       0
      850102   -999.00   -999.00   -999.00   -999.00       0
      850103   -999.00   -999.00   -999.00   -999.00       0
      850104   -999.00   -999.00   -999.00   -999.00       0
      850105   -999.00   -999.00   -999.00   -999.00       0
      850106   -999.00   -999.00   -999.00   -999.00       0
      850107      6.05   -999.00     24.45   -999.00       1
      850108      1.43      0.24      5.76      0.97       2
      850109      4.90      4.21     19.82     17.00       2
      850110   -999.00   -999.00   -999.00   -999.00       0
      850111   -999.00   -999.00   -999.00   -999.00       0
      850112      8.49      4.28     33.65     16.34       2
      850113     38.27     20.23    143.22     73.28       2
      850114     88.50     20.48    321.96     71.69       5
      850115     72.14     15.76    263.89     55.62       7
      850116     83.81     34.60    302.42    119.13       6
      850117     94.43     52.16    335.84    178.79       4
      850118     63.21     12.48    225.73     42.24       6
      850119     59.48      8.86    218.71     31.45       5
      850120    236.92    159.80    831.14    543.84       5
      850121    306.07    107.62   1063.62    360.66       5
      850122    231.51     77.64    812.63    264.91       5
      850123    118.88     71.21    421.28    244.06       6
      850124     28.62     11.94    106.48     43.54       5
      850125     18.40     29.23     67.73    104.22       5
      850126   -999.00   -999.00   -999.00   -999.00       0
      850127      4.97   -999.00     20.07   -999.00       1
      850128   -999.00   -999.00   -999.00   -999.00       0
      850129   -999.00   -999.00   -999.00   -999.00       0
      850130   -999.00   -999.00   -999.00   -999.00       0
      850131     13.83      9.25     54.75     35.47       3
      850201     23.89     11.10     92.52     41.71       5
      850202     70.71     27.04    260.20     99.35       7
      850203     48.55     20.73    181.45     74.67       5
      850204     25.55     18.13     96.70     66.03       4
      850205      8.34      6.41     32.32     23.59       6
      850206      4.23      3.74     16.57     14.34       7
      850207      0.50      0.07      2.00      0.32       2
      850208      5.86      2.43     23.46      9.82       4
      850209     18.89      2.74     73.30     10.09       4
      850210     18.19      7.72     70.32     28.69       5
      850211     16.30      8.09     63.12     31.05       6
      850212     13.35      5.37     51.58     19.99       4
      850213     15.82      2.86     61.23     10.66       4
      850214     13.12      5.76     51.23     21.70       5
      850215     16.97      5.51     65.71     20.50       6
      850216     10.85      6.42     42.50     24.31       6
      850217   -999.00   -999.00   -999.00   -999.00       0
      850218      5.60   -999.00     22.63   -999.00       1
      850219     28.49     10.87    108.12     40.10       4
      850220     49.30     23.49    179.47     83.47       5
      850221     59.01     21.49    214.10     75.57       5
      850222     49.81     13.46    182.75     47.46       6
      850223     66.91     17.39    244.19     61.09       4
      850224     47.13     16.83    174.86     60.39       5
      850225     37.11      8.33    139.38     30.20       4
      850226     29.05      7.13    110.00     25.97       6
      850227     21.95      3.94     83.51     14.32       5
      850228     15.37      6.47     58.60     23.85       5
      850301     11.07      5.82     42.30     21.75       6
      850302      2.39      1.35      9.40      5.13       4
      850303      0.66   -999.00      2.66   -999.00       1
      850304   -999.00   -999.00   -999.00   -999.00       0
      850305   -999.00   -999.00   -999.00   -999.00       0
      850306   -999.00   -999.00   -999.00   -999.00       0
      850307   -999.00   -999.00   -999.00   -999.00       0
      850308      7.12      4.68     27.89     17.89       4
      850309      6.42      2.95     25.62     11.58       4
      850310      7.10   -999.00     28.70   -999.00       1
      850311      7.57      4.12     30.36     16.28       4
      850312     14.83      8.45     56.38     31.45       6
      850313      4.04      2.13     15.80      8.12       5
      850314      1.38   -999.00      5.58   -999.00       1
      850315   -999.00   -999.00   -999.00   -999.00       0
      850316      6.95      3.54     27.16     13.36       3
      850317     15.75      7.42     60.22     27.35       6
      850318     30.31      7.95    116.32     29.99       6
      850319     20.55      9.99     79.84     37.51       5
      850320     14.30      2.94     56.30     11.87       3
      850321      5.74      6.10     23.20     24.65       2
      850322     20.39     12.01     73.19     41.19       6
      850323     44.23     24.47    156.49     83.33       6
      850324     84.81     28.75    306.23    101.95       5
      850325    119.14     26.62    424.33     90.72       4
      850326    207.91     44.56    732.08    157.91       4
      850327    162.24     57.40    574.50    196.12       3
      850328    139.15     31.09    498.65    106.52       4
      850329    112.99     41.17    410.58    149.87       5
      850330     87.06     28.30    316.33    101.20       4
      850331     54.43     15.39    199.50     54.53       7
      850401     42.93     22.58    158.51     79.53       4
      850402     27.49      9.05    102.27     32.71       6
      850403     19.30     13.46     73.60     49.62       7
      850404     24.48      9.37     92.92     34.23       3
      850405     21.71      5.44     83.95     20.68       5
      850406     30.09     19.03    114.43     69.83       5
      850407     11.31      4.99     44.59     18.85       4
      850408      6.11      0.02     24.68      0.09       4
      850409      5.91      0.03     23.88      0.11       2
      850410   -999.00   -999.00   -999.00   -999.00       0
      850411   -999.00   -999.00   -999.00   -999.00       0
      850412   -999.00   -999.00   -999.00   -999.00       0
      850413      1.62   -999.00      6.53   -999.00       1
      850414      4.07   -999.00     16.45   -999.00       1
      850415   -999.00   -999.00   -999.00   -999.00       0
      850416   -999.00   -999.00   -999.00   -999.00       0
      850417   -999.00   -999.00   -999.00   -999.00       0
      850418      1.71      0.18      6.90      0.72       3
      850419      4.26   -999.00     16.72   -999.00       1
      850420      8.39      3.29     32.32     12.96       4
      850421     10.07      4.58     37.89     16.88       5
      850422    149.31     98.43    516.89    332.70       6
      850423    421.21    108.88   1431.10    359.96       6
      850424    422.05    214.64   1439.49    721.20       5
      850425    579.73    244.40   1993.37    835.85       6
      850426    379.95    320.81   1318.25   1100.30       7
      850427    435.21    127.38   1489.69    420.74       4
      850428    307.64     45.81   1061.41    154.07       5
      850429    220.76    125.24    761.23    418.83       3
      850430    147.22     43.57    507.52    145.33       6
      850501     32.42      8.78    115.35     30.90       6
      850502     13.42      5.51     48.89     18.33       3
      850503      7.40      4.76     29.25     18.55       4
      850504      7.71      4.11     30.52     16.02       6
      850505      7.64      4.02     30.54     15.88       6
      850506     13.32      5.38     52.93     21.16       4
      850507     43.92     24.02    161.35     84.21       6
      850508    137.91     56.64    494.62    196.12       5
      850509    171.26     31.24    604.47    106.24       6
      850510    319.14     57.65   1111.76    213.45       3
      850511    348.72     89.71   1202.27    297.65       4
      850512    355.51      4.58   1226.34     12.71       2
      850513    317.70     62.65   1104.90    211.97       5
      850514    290.77     47.41   1013.79    162.55       4
      850515    287.62    159.14   1006.65    551.75       5
      850516    152.23     22.80    540.86     78.43       6
      850517    133.72     17.81    480.39     60.33       4
      850518     64.79      3.27    239.78     12.44       2
      850519     93.76     27.75    344.92     98.90       4
      850520    124.80     31.47    456.39    111.37       5
      850521    110.69     28.79    408.54    102.24       5
      850522     67.68     22.96    254.49     82.70       5
      850523     74.62     17.69    279.93     65.21       5
      850524     48.62     24.13    185.16     91.82       6
      850525     15.00      9.10     57.73     34.81       5
      850526      3.65      2.12     14.12      8.01       5
      850527      1.38   -999.00      5.42   -999.00       1
      850528      5.39   -999.00     21.77   -999.00       1
      850529      4.52      0.10     18.24      0.42       3
      850530   -999.00   -999.00   -999.00   -999.00       0
      850531   -999.00   -999.00   -999.00   -999.00       0
      850601      5.92      0.05     23.94      0.20       2
      850602   -999.00   -999.00   -999.00   -999.00       0
      850603      4.09      3.79     15.07     13.65       5
      850604     21.67     15.79     79.32     56.93       5
      850605     85.61     42.04    307.19    148.73       4
      850606     95.71     37.07    346.39    132.54       7
      850607    165.58     24.67    598.37     84.25       4
      850608    181.65     50.02    657.23    177.20       5
      850609    245.63    104.63    891.56    368.87       5
      850610    243.04     73.16    887.77    260.18       5
      850611    269.73     50.91    984.06    176.60       5
      850612    211.98     58.48    773.04    211.92       4
      850613    120.19     26.12    441.06     92.75       5
      850614     89.88     27.08    328.73     95.63       5
      850615     67.91     17.59    251.88     63.39       6
      850616     37.40     15.12    141.94     56.34       6
      850617     18.35      3.58     70.96     13.88       4
      850618      8.95      7.96     34.96     30.56       4
      850619      7.85      3.54     31.26     13.48       3
      850620      6.19      2.34     24.77      8.91       5
      850621      4.68      1.73     18.72      6.59       5
      850622      2.98   -999.00     12.05   -999.00       1
      850623     12.21      2.72     47.69     10.15       4
      850624     16.63      5.05     64.26     18.72       5
      850625     10.91      2.50     42.90      9.52       6
      850626      5.63      0.03     22.77      0.14       4
      850627      5.64   -999.00     22.80   -999.00       1
      850628      1.94      0.98      7.23      3.62       4
      850629     13.60      8.19     49.77     29.48       6
      850630     38.90      8.44    139.59     28.20       3
      850701     43.94     18.61    161.26     66.65       6
      850702     73.18     28.87    267.48    102.24       6
      850703    110.76     32.40    404.30    115.71       6
      850704    129.28     29.23    474.80    104.74       6
      850705    189.64     53.11    693.15    187.92       6
      850706    233.45     38.14    848.33    130.66       5
      850707    504.08     48.04   1770.47    161.29       4
      850708    445.75     27.53   1558.85     82.82       5
      850709    389.15     55.84   1370.27    189.53       7
      850710    355.90     99.31   1250.66    332.22       6
      850711    257.42     41.69    900.54    147.23       5
      850712    105.07     46.72    374.44    160.48       7
      850713     12.48      3.36     47.58     12.34       4
      850714      3.48      2.65     13.45      9.82       6
      850715      0.67   -999.00      2.73   -999.00       1
      850716      9.77      7.01     35.94     25.10       7
      850717     14.45      8.62     53.81     31.30       7
      850718     19.08      3.64     71.80     13.37       6
      850719     23.96      9.46     90.84     35.58       6
      850720     14.26      4.50     55.20     16.70       6
      850721     10.37      2.75     40.81     10.51       5
      850722      8.62      3.04     34.30     11.58       5
      850723      5.46      2.78     22.07     11.22       5
      850724      4.69      0.19     18.96      0.76       3
      850725      6.79      2.91     27.20     11.18       6
      850726      3.71      2.06     14.37      8.85       3
      850727      1.70      0.55      6.66      2.14       3
      850728     27.47     19.11    101.59     69.65       6
      850729     61.42     26.80    226.51     97.58       5
      850730     82.53     24.19    302.49     86.07       6
      850731     97.88     24.73    360.90     88.75       6
      850801    103.14     27.69    380.60     98.08       4
      850802     75.07     11.79    279.36     41.91       6
      850803     63.97     16.08    238.56     58.13       5
      850804     56.99     13.53    213.36     48.74       7
      850805     35.85      7.33    134.31     26.96       5
      850806     24.82      9.26     93.51     34.60       7
      850807     10.28      2.50     39.18      9.35       5
      850808      8.07      2.21     30.98      8.53       7
      850809     10.48      3.86     40.40     14.51       6
      850810      8.27      2.04     32.56      7.76       5
      850811      6.81      2.73     27.20     10.41       4
      850812   -999.00   -999.00   -999.00   -999.00       0
      850813   -999.00   -999.00   -999.00   -999.00       0
      850814   -999.00   -999.00   -999.00   -999.00       0
      850815   -999.00   -999.00   -999.00   -999.00       0
      850816   -999.00   -999.00   -999.00   -999.00       0
      850817      5.71      0.01     23.07      0.03       2
      850818      5.49      0.11     22.18      0.46       4
      850819      6.67      0.35     26.17      1.37       2
      850820      6.55      5.83     25.31     21.95       5
      850821   -999.00   -999.00   -999.00   -999.00       0
      850822   -999.00   -999.00   -999.00   -999.00       0
      850823   -999.00   -999.00   -999.00   -999.00       0
      850824   -999.00   -999.00   -999.00   -999.00       0
      850825      4.93   -999.00     19.91   -999.00       1
      850826      4.59   -999.00     18.56   -999.00       1
      850827      2.93      0.29     11.83      1.16       4
      850828   -999.00   -999.00   -999.00   -999.00       0
      850829   -999.00   -999.00   -999.00   -999.00       0
      850830      6.06   -999.00     24.50   -999.00       1
      850831      8.20      3.35     32.66     12.77       6
      850901   -999.00   -999.00   -999.00   -999.00       0
      850902   -999.00   -999.00   -999.00   -999.00       0
      850903   -999.00   -999.00   -999.00   -999.00       0
      850904   -999.00   -999.00   -999.00   -999.00       0
      850905   -999.00   -999.00   -999.00   -999.00       0
      850906   -999.00   -999.00   -999.00   -999.00       0
      850907      6.18   -999.00     24.98   -999.00       1
      850908   -999.00   -999.00   -999.00   -999.00       0
      850909   -999.00   -999.00   -999.00   -999.00       0
      850910   -999.00   -999.00   -999.00   -999.00       0
      850911      4.93   -999.00     19.92   -999.00       1
      850912   -999.00   -999.00   -999.00   -999.00       0
      850913      2.59      1.93      9.98      7.16       5
      850914      6.67      1.97     25.63      7.28       7
      850915     19.52      7.37     73.30     27.02       5
      850916     24.89      8.15     93.96     29.32       7
      850917     24.97      6.53     95.40     24.91       5
      850918     25.42      2.84     96.76     10.35       5
      850919     18.50      7.39     71.06     27.33       6
      850920     28.49     40.82    104.83    145.16       5
      850921      3.78      0.54     15.28      2.19       3
      850922   -999.00   -999.00   -999.00   -999.00       0
      850923   -999.00   -999.00   -999.00   -999.00       0
      850924   -999.00   -999.00   -999.00   -999.00       0
      850925   -999.00   -999.00   -999.00   -999.00       0
      850926   -999.00   -999.00   -999.00   -999.00       0
      850927   -999.00   -999.00   -999.00   -999.00       0
      850928   -999.00   -999.00   -999.00   -999.00       0
      850929      5.33   -999.00     21.55   -999.00       1
      850930     11.23   -999.00     44.05   -999.00       1
      851001   -999.00   -999.00   -999.00   -999.00       0
      851002   -999.00   -999.00   -999.00   -999.00       0
      851003   -999.00   -999.00   -999.00   -999.00       0
      851004   -999.00   -999.00   -999.00   -999.00       0
      851005   -999.00   -999.00   -999.00   -999.00       0
      851006   -999.00   -999.00   -999.00   -999.00       0
      851007   -999.00   -999.00   -999.00   -999.00       0
      851008   -999.00   -999.00   -999.00   -999.00       0
      851009   -999.00   -999.00   -999.00   -999.00       0
      851010   -999.00   -999.00   -999.00   -999.00       0
      851011   -999.00   -999.00   -999.00   -999.00       0
      851012   -999.00   -999.00   -999.00   -999.00       0
      851013      5.68   -999.00     22.96   -999.00       1
      851014     17.28      5.97     66.59     22.16       3
      851015     12.03      4.25     46.91     16.10       4
      851016     22.40      3.36     83.50     12.27       4
      851017     73.52     43.02    257.34    146.18       6
      851018     72.47     23.67    259.96     82.99       4
      851019    151.97     29.86    541.52    104.42       4
      851020    215.22     36.79    767.46    127.78       5
      851021    236.39     73.94    845.68    257.18       6
      851022    357.46    132.03   1265.44    449.78       5
      851023    352.56     69.67   1247.31    237.01       4
      851024    292.14     68.13   1035.28    231.42       3
      851025    144.35     37.01    518.77    129.06       7
      851026     47.86     28.48    175.69    100.65       2
      851027     22.32     12.36     82.51     44.88       6
      851028      5.11      2.69     19.00      9.87       5
      851029      1.58   -999.00      5.91   -999.00       1
      851030   -999.00   -999.00   -999.00   -999.00       0
      851031   -999.00   -999.00   -999.00   -999.00       0
      851101   -999.00   -999.00   -999.00   -999.00       0
      851102   -999.00   -999.00   -999.00   -999.00       0
      851103   -999.00   -999.00   -999.00   -999.00       0
      851104   -999.00   -999.00   -999.00   -999.00       0
      851105     21.80      8.59     83.25     32.13       6
      851106     29.96     13.13    111.50     47.31       6
      851107     24.13      5.96     89.92     21.07       4
      851108     20.46     12.24     75.65     44.61       6
      851109      8.41      6.70     31.69     24.38       4
      851110     14.07     10.57     52.47     37.78       5
      851111     30.69      6.94    113.19     25.05       5
      851112     51.76     11.91    189.89     41.54       5
      851113     33.37     14.00    125.94     52.17       6
      851114     63.81     42.26    238.63    152.40       4
      851115    145.69     95.12    522.63    329.57       4
      851116    129.21     41.86    465.10    144.71       5
      851117    118.16     35.65    431.50    125.82       4
      851118     93.55     22.38    343.78     80.03       5
      851119     62.47     18.21    231.39     66.28       5
      851120     50.48     16.05    186.51     57.68       4
      851121     26.38     12.69     99.61     48.09       6
      851122      3.96      2.66     15.40     10.15       5
      851123      1.35      1.06      5.33      4.13       2
      851124   -999.00   -999.00   -999.00   -999.00       0
      851125   -999.00   -999.00   -999.00   -999.00       0
      851126   -999.00   -999.00   -999.00   -999.00       0
      851127   -999.00   -999.00   -999.00   -999.00       0
      851128   -999.00   -999.00   -999.00   -999.00       0
      851129   -999.00   -999.00   -999.00   -999.00       0
      851130   -999.00   -999.00   -999.00   -999.00       0
      851201   -999.00   -999.00   -999.00   -999.00       0
      851202      5.96      0.03     24.08      0.10       2
      851203      5.97   -999.00     24.13   -999.00       1
      851204   -999.00   -999.00   -999.00   -999.00       0
      851205     16.01      8.40     61.71     31.17       4
      851206     17.76      6.00     67.94     22.61       4
      851207     17.30     13.77     65.52     51.74       3
      851208      1.73   -999.00      7.00   -999.00       1
      851209      0.77      0.24      3.05      0.93       4
      851210      3.73      0.84     14.47      3.22       4
      851211     14.55      3.07     54.80     11.24       5
      851212     29.32     10.89    109.19     39.58       3
      851213     25.19      5.40     95.30     19.70       5
      851214     38.79     13.55    147.77     48.82       4
      851215     66.70     52.42    249.06    188.08       5
      851216     96.18     33.35    357.06    119.58       6
      851217    102.83     27.51    380.48     98.51       6
      851218     69.19     23.45    258.43     85.14       6
      851219     36.04      9.24    136.26     34.19       5
      851220     10.70      4.64     41.06     17.29       5
      851221      6.45      4.75     24.80     17.88       4
      851222   -999.00   -999.00   -999.00   -999.00       0
      851223   -999.00   -999.00   -999.00   -999.00       0
      851224   -999.00   -999.00   -999.00   -999.00       0
      851225   -999.00   -999.00   -999.00   -999.00       0
      851226   -999.00   -999.00   -999.00   -999.00       0
      851227   -999.00   -999.00   -999.00   -999.00       0
      851228   -999.00   -999.00   -999.00   -999.00       0
      851229   -999.00   -999.00   -999.00   -999.00       0
      851230   -999.00   -999.00   -999.00   -999.00       0
      851231   -999.00   -999.00   -999.00   -999.00       0
