Tue Dec  2 10:02:57 2014   calc_USAF_spotindex_Nov12.pro
SSB:1983 AREA-DEP & AREA-INDEP CONTRASTS & SDEVS: BOL EXCESS=0.324
      830101    188.32     26.45    674.87     93.89       4
      830102    208.81     18.64    748.29     61.84       3
      830103    265.88     38.83    954.29    135.71       6
      830104    173.11    126.34    625.34    450.21       5
      830105    305.99     44.78   1099.89    159.91       3
      830106    419.50     77.11   1501.52    263.68       4
      830107    610.50   -999.00   2159.03   -999.00       1
      830108    432.95     53.20   1551.31    182.62       5
      830109    346.37     43.74   1254.60    154.93       3
      830110    308.92     24.28   1125.13     91.17       2
      830111    193.28     43.06    716.63    154.73       5
      830112    194.92     42.76    723.48    153.58       5
      830113    329.47    239.99   1181.84    820.62       4
      830114    226.08     37.42    827.91    131.95       5
      830115    318.10     87.83   1154.71    308.76       4
      830116    419.45     57.36   1511.60    202.54       5
      830117    524.34    136.03   1886.14    478.94       4
      830118    670.90     75.73   2399.12    262.55       5
      830119    644.03    112.36   2304.65    388.80       5
      830120    583.99    108.83   2092.32    379.86       4
      830121    413.01    128.36   1487.49    448.96       4
      830122    285.64     52.17   1029.60    183.91       4
      830123    142.00     24.32    517.29     88.40       4
      830124    107.54     22.81    393.71     81.59       5
      830125    107.06     56.64    395.41    204.75       2
      830126    381.85    117.06   1360.68    404.72       5
      830127    461.51    104.33   1643.37    356.80       4
      830128    496.39     88.39   1771.80    303.65       5
      830129    568.70     70.48   2033.79    248.14       4
      830130    544.66     95.64   1948.21    329.22       3
      830131    729.57     55.84   2578.05    196.40       4
      830201    984.39    654.19   3426.75   2247.18       4
      830202    824.63    189.01   2831.64    631.85       5
      830203    705.97    154.28   2428.92    519.18       4
      830204    734.47     84.41   2539.52    289.64       4
      830205    765.28     49.33   2644.83    173.45       4
      830206    776.67    114.81   2665.93    379.97       6
      830207    554.17     61.18   1912.84    208.70       5
      830208    457.69     78.93   1582.73    262.76       4
      830209    254.31     90.25    882.30    305.52       5
      830210    124.68     56.04    434.32    188.40       4
      830211     59.96     28.90    212.29     99.18       5
      830212     17.98     13.30     67.67     46.84       6
      830213     10.90      4.15     42.71     15.72       6
      830214     10.83      5.01     42.55     18.92       5
      830215     10.31      9.26     41.13     36.52       5
      830216      4.06      2.14     16.32      8.68       4
      830217     21.28     14.41     81.01     53.83       5
      830218     72.80     20.97    269.20     75.86       4
      830219     85.74      9.55    318.98     32.87       4
      830220     87.35      8.54    326.09     30.58       5
      830221    111.81      3.36    415.75     11.56       5
      830222    121.84     21.50    448.14     77.87       4
      830223    123.14     17.51    453.16     61.31       5
      830224    194.72     18.30    709.26     63.52       5
      830225    223.47     32.30    819.68    118.85       4
      830226    266.18     18.56    974.29     67.58       5
      830227    344.52     73.07   1259.47    260.48       5
      830228    414.95     76.70   1503.23    265.31       5
      830301    464.04     97.74   1663.39    337.19       4
      830302    494.84     98.68   1765.17    340.45       4
      830303   -999.00   -999.00   -999.00   -999.00       0
      830304   -999.00   -999.00   -999.00   -999.00       0
      830305   -999.00   -999.00   -999.00   -999.00       0
      830306   -999.00   -999.00   -999.00   -999.00       0
      830307   -999.00   -999.00   -999.00   -999.00       0
      830308    246.56     49.47    891.52    171.60       5
      830309    225.12     41.89    812.36    146.51       6
      830310    173.40     46.19    623.60    162.83       6
      830311     96.70     44.56    349.34    157.04       5
      830312     29.68     24.66    112.22     90.81       5
      830313      3.35      4.58     13.44     18.31       3
      830314     29.70     22.48    111.69     82.91       4
      830315     90.16     42.45    330.93    152.12       5
      830316    268.80     73.38    954.50    251.59       5
      830317    398.02      5.62   1399.61     22.97       2
      830318    572.48    312.25   2012.30   1080.17       5
      830319    472.33    122.67   1659.37    415.89       4
      830320    722.10    302.05   2518.75   1046.46       6
      830321    491.19     89.47   1727.05    301.00       6
      830322    376.16     67.84   1327.00    235.10       6
      830323    252.70     42.87    905.53    149.58       6
      830324    182.11    113.71    660.43    401.03       6
      830325     81.78     26.51    303.10     90.89       6
      830326     77.95     31.49    290.34    114.06       4
      830327     70.65     13.45    265.54     49.39       5
      830328   -999.00   -999.00   -999.00   -999.00       0
      830329     67.68     11.73    260.59     42.85       4
      830330     98.76     13.50    368.14     51.73       6
      830331    123.16     19.80    455.30     67.51       4
      830401    160.19     28.75    584.05     98.32       6
      830402    154.06     61.82    569.05    220.60       6
      830403    135.15     74.23    499.64    266.64       6
      830404     96.43     35.74    357.82    128.40       3
      830405    159.90    169.64    573.22    587.40       5
      830406     78.76     21.54    295.26     79.37       5
      830407    139.34    109.11    518.05    396.75       5
      830408    183.76     58.51    668.27    205.15       6
      830409    208.94     61.47    757.67    215.72       5
      830410    217.54     47.15    789.30    165.48       6
      830411    232.79    168.31    848.49    603.52       5
      830412    140.03     55.13    516.89    194.03       4
      830413    151.40     66.55    561.06    241.92       4
      830414   -999.00   -999.00   -999.00   -999.00       0
      830415   -999.00   -999.00   -999.00   -999.00       0
      830416   -999.00   -999.00   -999.00   -999.00       0
      830417   -999.00   -999.00   -999.00   -999.00       0
      830418   -999.00   -999.00   -999.00   -999.00       0
      830419    212.19     34.98    762.77    117.53       5
      830420    206.15     91.02    739.32    313.71       6
      830421    237.75    168.37    850.94    578.32       6
      830422    252.78     72.53    893.40    242.49       2
      830423    383.09     62.95   1354.57    214.96       7
      830424    464.02     80.06   1640.01    264.71       7
      830425    607.81    456.39   2146.96   1568.50       6
      830426    563.57     71.52   2009.46    247.44       4
      830427    458.77     45.41   1658.24    162.37       4
      830428    724.63    524.70   2578.19   1830.38       6
      830429    645.86    152.52   2294.31    518.77       6
      830430    631.97    167.45   2233.42    561.28       6
      830501    474.49     96.13   1678.93    330.84       5
      830502    692.30    684.57   2423.41   2349.86       5
      830503    377.24     64.35   1342.26    220.02       5
      830504    290.77    115.66   1036.19    397.20       4
      830505    198.54    140.64    729.21    505.89       7
      830506    180.48     61.81    660.72    221.48       5
      830507    214.14     23.65    775.86     84.30       5
      830508    276.73     55.85    991.87    195.59       7
      830509    384.63     84.07   1365.65    292.33       6
      830510    582.64     70.65   2043.26    236.46       6
      830511   1139.57    246.00   3875.67    810.86       5
      830512   1230.86    305.11   4165.10   1003.36       5
      830513    904.78    140.04   3109.13    462.12       5
      830514   1037.31    978.02   3571.65   3291.45       5
      830515    357.83     69.02   1289.21    246.26       5
      830516    394.06    234.50   1408.83    802.22       6
      830517    337.56    210.28   1216.27    724.79       6
      830518    220.38     18.89    808.11     69.76       6
      830519    323.23    134.91   1150.29    463.16       5
      830520    440.26     75.13   1552.45    256.74       5
      830521    774.19    687.06   2698.92   2345.21       6
      830522    524.62     92.52   1849.41    309.86       4
      830523    551.18    276.67   1937.97    936.79       6
      830524    446.85    101.65   1596.54    351.35       5
      830525    347.91     80.30   1246.78    284.81       4
      830526    250.68     98.76    909.32    348.09       6
      830527    193.72     12.16    703.15     47.68       5
      830528    186.58     44.01    679.22    155.23       5
      830529    163.65     60.44    593.14    207.33       5
      830530    229.91     59.25    812.74    201.05       5
      830531    318.21     67.58   1107.66    224.71       6
      830601    388.30    246.86   1351.77    845.08       7
      830602    418.30     91.53   1455.92    315.99       6
      830603    485.47     82.31   1678.63    267.85       6
      830604    623.63    103.74   2126.62    341.09       7
      830605    980.28    153.15   3289.76    497.08       6
      830606   1318.54    220.81   4394.41    713.22       6
      830607   1277.80    184.84   4287.07    600.26       7
      830608   1074.26    178.97   3620.59    581.35       6
      830609   1163.78    770.94   3923.91   2546.11       6
      830610    746.08    147.88   2548.31    488.30       5
      830611    553.95    178.56   1909.73    590.62       7
      830612    338.95     73.39   1192.11    250.40       6
      830613    284.56     65.74   1010.29    222.68       4
      830614    175.34     81.97    634.64    296.41       6
      830615    137.83     61.65    509.78    226.52       6
      830616    195.77     43.17    719.19    155.60       6
      830617    207.31     91.60    758.51    333.75       5
      830618    307.00     37.20   1116.67    131.88       6
      830619    343.63    134.38   1247.22    463.65       7
      830620    353.26     82.99   1288.81    293.20       5
      830621    287.09     65.55   1052.72    233.75       5
      830622    423.59     69.87   1537.22    244.26       6
      830623    487.94     67.55   1755.33    234.03       6
      830624    493.56    103.68   1758.88    362.02       6
      830625    355.37     49.17   1280.17    171.62       6
      830626    303.74     20.53   1099.10     70.38       2
      830627    296.40    105.67   1060.13    369.04       6
      830628    241.22     59.50    860.07    202.69       5
      830629    219.05     12.38    786.38     42.75       6
      830630    253.15     88.58    905.75    307.55       7
      830701    246.02     86.50    883.41    298.31       6
      830702    158.48     79.10    576.30    286.37       6
      830703    252.79     62.88    903.60    216.88       7
      830704    256.59     88.09    917.83    314.17       3
      830705    304.47     54.11   1087.68    186.90       5
      830706    381.70     76.02   1358.54    260.31       5
      830707    375.28     51.23   1340.04    174.71       6
      830708    420.76     49.40   1502.89    170.71       3
      830709    392.10     54.66   1397.73    191.59       6
      830710    344.44     39.13   1229.39    136.52       7
      830711    456.46    344.64   1611.29   1190.54       7
      830712    285.10     57.32   1023.87    194.93       4
      830713    240.02     31.28    869.91    110.23       3
      830714    269.86     27.48    980.68     95.03       7
      830715    269.25     39.62    986.01    140.40       5
      830716    255.09     63.82    940.72    230.98       6
      830717    251.30     69.58    932.23    249.59       5
      830718    209.59    119.62    778.79    437.32       6
      830719    181.37     25.44    680.99     91.68       6
      830720    183.36     33.12    684.49    122.37       5
      830721    273.33     51.22   1005.90    184.39       6
      830722    379.11     76.85   1372.65    270.48       6
      830723    266.79     84.33    967.29    292.72       5
      830724    282.56     40.49   1022.08    142.34       6
      830725    286.73     36.79   1013.42    132.30       5
      830726    155.47     65.90    551.10    225.35       6
      830727     53.62     37.50    197.41    130.92       6
      830728     90.25     31.76    317.35    108.11       6
      830729    253.81     94.96    879.44    315.89       4
      830730    449.77     78.21   1550.80    260.19       5
      830731    638.68     93.36   2194.97    312.97       6
      830801    649.99     68.23   2245.24    223.87       4
      830802    517.19    317.62   1785.63   1083.77       4
      830803    688.07    188.67   2356.02    617.97       5
      830804    500.78     80.74   1739.19    267.23       6
      830805    336.86    164.46   1182.54    561.38       5
      830806    271.70     54.77    956.61    190.72       6
      830807    177.04     47.83    629.35    165.64       6
      830808    151.23     29.46    533.71     99.25       4
      830809    218.92     33.12    752.04    106.80       6
      830810    345.71     50.01   1216.52    171.65       6
      830811    458.54    144.98   1616.43    490.00       6
      830812    514.89     74.35   1821.80    256.41       5
      830813    355.11     32.72   1284.94    117.33       3
      830814    307.99     24.73   1123.58     88.54       5
      830815    279.02     57.35   1022.50    202.00       6
      830816    177.66     42.16    655.96    149.89       5
      830817    115.28     29.34    428.12    106.99       6
      830818     78.87     29.23    301.75    109.71       5
      830819     32.31      8.60    125.45     32.88       6
      830820     39.92     17.08    151.37     62.34       6
      830821     34.49     11.33    133.08     45.16       4
      830822     42.91     21.95    164.05     78.79       6
      830823     35.23     17.08    137.91     65.03       5
      830824     34.20     27.07    132.88    103.95       5
      830825     42.37     18.93    160.85     69.54       7
      830826     63.78     14.83    240.16     54.37       6
      830827    106.61     10.07    396.34     37.53       3
      830828    112.46     22.57    418.94     83.34       6
      830829    114.07     20.82    425.23     75.16       5
      830830    111.62     79.29    414.04    287.86       6
      830831     69.89     17.21    258.73     61.37       5
      830901    114.44     31.17    420.38    111.57       6
      830902    111.96     32.92    413.08    116.96       7
      830903    102.82     37.71    384.54    135.56       7
      830904    137.56     28.43    509.60    100.71       6
      830905    170.23     49.41    622.36    174.50       6
      830906    197.96     28.21    719.16     99.63       5
      830907    166.98     19.06    610.79     67.72       6
      830908    162.76     54.13    596.68    194.06       6
      830909    153.41     22.78    569.78     82.48       6
      830910    108.37     23.03    409.15     83.00       4
      830911     52.79     18.08    207.15     68.69       5
      830912     36.06     15.76    141.63     61.75       6
      830913     33.43      8.34    128.85     30.92       7
      830914     75.67     43.34    279.12    158.26       7
      830915    110.36     35.12    398.91    122.76       6
      830916    184.43     62.64    660.28    223.70       6
      830917    153.01     43.60    544.38    148.98       6
      830918    117.61     51.39    425.84    178.97       7
      830919     70.50     22.70    259.83     80.62       5
      830920     72.44     58.03    268.26    207.30       7
      830921     38.49     13.97    147.06     52.82       4
      830922     39.44     12.63    146.12     44.17       6
      830923    131.57     51.70    455.05    171.04       4
      830924    187.03    124.36    645.83    425.55       4
      830925    313.11     47.34   1072.95    158.21       6
      830926    429.26     98.28   1465.07    326.64       6
      830927    486.17     26.94   1661.97     91.42       5
      830928    403.06     72.10   1384.07    239.47       5
      830929    397.19     42.21   1363.78    142.12       6
      830930    334.75     57.87   1149.94    192.66       6
      831001    275.13     41.51    943.58    135.86       6
      831002    211.71     31.00    732.99    105.68       5
      831003    274.59    116.83    945.09    379.80       7
      831004    422.18    137.12   1452.87    474.57       6
      831005    579.51    150.67   1988.91    508.51       5
      831006    507.92     53.76   1763.31    187.17       6
      831007    596.73     59.56   2072.35    204.28       6
      831008    664.15    106.81   2305.10    366.78       5
      831009    599.36     43.27   2105.82    148.73       6
      831010    536.42     98.04   1908.87    336.53       6
      831011    470.88    126.87   1697.58    439.73       5
      831012    363.49     77.06   1314.12    276.30       6
      831013    341.88     36.30   1223.73    130.41       6
      831014    346.85     65.39   1228.07    224.06       6
      831015    474.22     61.24   1642.25    203.98       5
      831016    389.45     43.50   1354.26    145.05       6
      831017    259.10     88.79    910.90    299.39       6
      831018    176.38     56.41    632.24    190.66       4
      831019     70.49     34.02    260.74    121.89       5
      831020     41.00     20.87    154.75     77.49       3
      831021     12.72     12.42     49.81     48.96       6
      831022      7.51      5.03     29.65     19.78       4
      831023      7.96      4.06     31.83     15.92       3
      831024     13.57      5.29     53.27     19.88       4
      831025     17.06     17.26     66.88     67.53       5
      831026      9.28     10.76     36.91     42.21       5
      831027     22.26      2.86     87.43     10.31       3
      831028      7.30      2.43     29.39      9.81       4
      831029      4.51      1.37     18.04      5.84       2
      831030      9.90      4.70     38.96     17.87       5
      831031     16.70      4.78     64.08     17.27       4
      831101     15.30      8.56     60.09     32.56       4
      831102     17.25      5.27     65.36     20.23       5
      831103     38.32     12.57    143.38     46.51       5
      831104     97.51     14.85    358.16     53.75       5
      831105    177.46     34.81    651.56    128.08       3
      831106    189.09     19.50    698.14     65.33       4
      831107    177.24     70.70    659.36    251.74       5
      831108    172.45     34.92    644.36    127.49       5
      831109    109.14     31.69    411.92    116.13       3
      831110    146.70     58.31    549.62    211.64       3
      831111     69.10     12.46    261.26     46.54       4
      831112     43.32     20.23    164.27     76.38       5
      831113     28.99     12.37    110.97     44.96       4
      831114     45.74     23.06    175.87     86.94       5
      831115     33.75      4.98    130.02     18.92       4
      831116    109.53     50.61    401.98    178.98       5
      831117     46.73      7.74    176.08     28.83       5
      831118     53.68     18.38    202.25     68.24       3
      831119     24.38     10.53     93.16     39.06       4
      831120      5.65      2.14     22.40      8.07       2
      831121   -999.00   -999.00   -999.00   -999.00       0
      831122   -999.00   -999.00   -999.00   -999.00       0
      831123   -999.00   -999.00   -999.00   -999.00       0
      831124   -999.00   -999.00   -999.00   -999.00       0
      831125   -999.00   -999.00   -999.00   -999.00       0
      831126   -999.00   -999.00   -999.00   -999.00       0
      831127      1.50      1.21      5.91      4.68       2
      831128     10.79      7.22     40.31     26.35       4
      831129     10.40     12.21     39.49     45.20       4
      831130     19.35     10.65     73.97     38.91       4
      831201     27.41      4.13    107.37     16.51       5
      831202     25.10     20.25     96.56     76.05       3
      831203     20.07      9.49     76.92     34.98       3
      831204      8.73     11.92     34.27     46.20       5
      831205    424.80    827.39   1386.70   2688.43       4
      831206     43.95     18.79    164.34     68.61       5
      831207     97.08     44.68    354.12    158.45       5
      831208    111.89      6.71    407.69     27.33       5
      831209    203.28     68.61    744.13    240.68       4
      831210    226.30     89.83    831.91    320.41       5
      831211    157.21     42.07    584.73    152.39       6
      831212    144.61     59.53    535.25    211.80       5
      831213    118.64     41.21    441.22    149.16       4
      831214     73.93     25.57    276.78     94.07       5
      831215     79.06     38.90    296.61    141.93       3
      831216     75.78     26.44    280.59     94.81       6
      831217    138.89     33.40    503.64    120.42       3
      831218    137.04     26.17    493.91     92.82       5
      831219    135.94     41.63    486.93    144.47       6
      831220     99.60     19.87    360.29     69.33       5
      831221     92.83     38.38    334.64    133.88       5
      831222    100.86     35.01    360.65    122.24       3
      831223     37.15     13.91    135.74     49.80       5
      831224     26.13      8.65     99.41     31.77       4
      831225     20.95      4.37     80.77     16.14       3
      831226     14.27      7.66     56.81     29.98       4
      831227   -999.00   -999.00   -999.00   -999.00       0
      831228   -999.00   -999.00   -999.00   -999.00       0
      831229     11.21      3.64     44.10     13.68       6
      831230      8.85      4.29     35.08     16.35       2
      831231   -999.00   -999.00   -999.00   -999.00       0
