Tue Dec  2 10:03:34 2014   calc_USAF_spotindex_Nov12.pro
SSB:1997 AREA-DEP & AREA-INDEP CONTRASTS & SDEVS: BOL EXCESS=0.324
      970101   -999.00   -999.00   -999.00   -999.00       0
      970102   -999.00   -999.00   -999.00   -999.00       0
      970103   -999.00   -999.00   -999.00   -999.00       0
      970104     12.72   -999.00     49.93   -999.00       1
      970105     15.47      7.99     59.91     29.92       4
      970106      7.25      3.71     28.85     14.22       3
      970107      4.93   -999.00     19.90   -999.00       1
      970108   -999.00   -999.00   -999.00   -999.00       0
      970109      3.63      1.83     14.37      6.98       2
      970110      4.41      0.89     17.13      3.32       4
      970111      2.94   -999.00     11.54   -999.00       1
      970112   -999.00   -999.00   -999.00   -999.00       0
      970113   -999.00   -999.00   -999.00   -999.00       0
      970114   -999.00   -999.00   -999.00   -999.00       0
      970115     15.42      7.24     59.38     26.81       2
      970116     10.32      3.96     40.79     15.22       3
      970117      9.33      4.46     36.98     17.00       2
      970118      5.93   -999.00     23.98   -999.00       1
      970119   -999.00   -999.00   -999.00   -999.00       0
      970120   -999.00   -999.00   -999.00   -999.00       0
      970121   -999.00   -999.00   -999.00   -999.00       0
      970122   -999.00   -999.00   -999.00   -999.00       0
      970123   -999.00   -999.00   -999.00   -999.00       0
      970124      3.45      2.30     13.48      8.48       3
      970125      3.09   -999.00     12.50   -999.00       1
      970126      4.23   -999.00     17.11   -999.00       1
      970127      4.29   -999.00     17.33   -999.00       1
      970128      2.50   -999.00     10.11   -999.00       1
      970129      8.53   -999.00     33.46   -999.00       1
      970130     16.68      6.94     63.95     25.46       3
      970131      8.19      3.26     32.53     12.43       5
      970201   -999.00   -999.00   -999.00   -999.00       0
      970202   -999.00   -999.00   -999.00   -999.00       0
      970203   -999.00   -999.00   -999.00   -999.00       0
      970204   -999.00   -999.00   -999.00   -999.00       0
      970205   -999.00   -999.00   -999.00   -999.00       0
      970206   -999.00   -999.00   -999.00   -999.00       0
      970207   -999.00   -999.00   -999.00   -999.00       0
      970208   -999.00   -999.00   -999.00   -999.00       0
      970209   -999.00   -999.00   -999.00   -999.00       0
      970210   -999.00   -999.00   -999.00   -999.00       0
      970211   -999.00   -999.00   -999.00   -999.00       0
      970212   -999.00   -999.00   -999.00   -999.00       0
      970213   -999.00   -999.00   -999.00   -999.00       0
      970214   -999.00   -999.00   -999.00   -999.00       0
      970215   -999.00   -999.00   -999.00   -999.00       0
      970216   -999.00   -999.00   -999.00   -999.00       0
      970217   -999.00   -999.00   -999.00   -999.00       0
      970218   -999.00   -999.00   -999.00   -999.00       0
      970219   -999.00   -999.00   -999.00   -999.00       0
      970220   -999.00   -999.00   -999.00   -999.00       0
      970221   -999.00   -999.00   -999.00   -999.00       0
      970222   -999.00   -999.00   -999.00   -999.00       0
      970223   -999.00   -999.00   -999.00   -999.00       0
      970224   -999.00   -999.00   -999.00   -999.00       0
      970225   -999.00   -999.00   -999.00   -999.00       0
      970226   -999.00   -999.00   -999.00   -999.00       0
      970227   -999.00   -999.00   -999.00   -999.00       0
      970228   -999.00   -999.00   -999.00   -999.00       0
      970301   -999.00   -999.00   -999.00   -999.00       0
      970302   -999.00   -999.00   -999.00   -999.00       0
      970303   -999.00   -999.00   -999.00   -999.00       0
      970304   -999.00   -999.00   -999.00   -999.00       0
      970305   -999.00   -999.00   -999.00   -999.00       0
      970306      5.40      4.17     20.02     15.04       4
      970307     16.56      7.04     60.72     25.40       4
      970308     31.89     12.04    117.65     42.68       5
      970309     33.21     17.35    124.74     63.67       5
      970310     24.14      9.56     91.24     34.80       4
      970311     19.06      8.33     73.07     30.60       3
      970312     14.62      7.23     56.72     27.05       5
      970313     13.59      6.85     52.77     25.83       3
      970314     13.30     16.15     52.34     62.50       4
      970315     15.50      9.97     61.69     38.33       5
      970316      8.96      6.70     34.78     24.89       5
      970317      7.16      2.47     27.78      9.37       4
      970318      3.13      2.23     12.64      9.02       3
      970319   -999.00   -999.00   -999.00   -999.00       0
      970320     12.73   -999.00     49.94   -999.00       1
      970321   -999.00   -999.00   -999.00   -999.00       0
      970322      2.47   -999.00      9.97   -999.00       1
      970323   -999.00   -999.00   -999.00   -999.00       0
      970324   -999.00   -999.00   -999.00   -999.00       0
      970325   -999.00   -999.00   -999.00   -999.00       0
      970326   -999.00   -999.00   -999.00   -999.00       0
      970327      3.76      2.36     14.18      8.58       4
      970328     13.97      7.21     51.67     26.03       5
      970329     31.43     10.24    115.35     36.52       4
      970330     58.00     32.88    210.18    115.88       4
      970331     54.76     27.83    200.37     98.28       5
      970401     42.28     20.28    156.96     72.69       4
      970402     44.77     19.85    166.76     71.47       2
      970403     63.21     37.28    232.62    133.50       4
      970404     61.50     28.62    227.83    102.45       5
      970405     45.25     35.49    168.35    125.97       5
      970406     26.68     10.95    101.35     40.37       5
      970407     13.62      2.89     52.82     10.78       5
      970408     13.75      5.60     53.68     21.26       4
      970409     10.26      4.79     41.09     18.80       3
      970410     67.75     33.46    247.56    119.40       4
      970411     52.87     17.78    193.89     62.85       3
      970412     18.06     11.22     67.80     40.85       4
      970413     24.69      5.69     93.01     20.57       4
      970414     26.67      6.53     98.79     24.53       4
      970415     45.97     18.20    169.36     65.88       4
      970416     47.57     19.70    176.81     70.79       4
      970417     16.45      5.12     63.95     19.71       3
      970418      4.96      0.20     20.03      0.79       2
      970419      9.82      8.12     39.06     31.95       2
      970420   -999.00   -999.00   -999.00   -999.00       0
      970421   -999.00   -999.00   -999.00   -999.00       0
      970422      1.30      0.10      5.26      0.39       2
      970423      2.30   -999.00      9.31   -999.00       1
      970424      3.07   -999.00     12.41   -999.00       1
      970425      4.07      0.05     16.44      0.22       2
      970426     13.66      5.49     53.48     21.34       3
      970427     12.94      4.34     50.16     16.92       4
      970428      9.73      0.26     37.24      0.88       3
      970429      1.26      0.95      4.98      3.68       2
      970430   -999.00   -999.00   -999.00   -999.00       0
      970501   -999.00   -999.00   -999.00   -999.00       0
      970502   -999.00   -999.00   -999.00   -999.00       0
      970503      4.51   -999.00     18.24   -999.00       1
      970504   -999.00   -999.00   -999.00   -999.00       0
      970505      8.66      4.84     31.52     17.26       3
      970506     13.97      4.83     51.63     17.56       4
      970507     22.57      9.98     83.65     35.97       3
      970508     31.90     15.15    119.03     55.70       3
      970509     43.46      3.52    160.47     12.47       4
      970510     44.12      2.47    164.37      8.94       4
      970511     46.91      3.88    174.78     14.33       4
      970512    131.92    197.15    459.22    668.58       4
      970513     33.34      6.68    124.63     24.06       4
      970514     28.46      8.43    106.15     30.54       4
      970515     15.56      2.29     58.70      8.45       4
      970516      6.05      1.86     23.78      6.95       4
      970517     12.18     11.14     48.19     43.56       2
      970518     27.58      9.12    103.51     32.98       4
      970519     77.85     42.98    286.10    152.39       4
      970520     87.87     26.86    323.76     95.13       4
      970521    117.55     28.21    429.38    100.48       4
      970522    110.69     36.07    406.77    128.00       4
      970523     87.81     18.06    323.39     62.58       4
      970524     51.84     13.88    193.30     50.53       4
      970525     33.39      1.06    127.63      4.30       2
      970526     20.26      4.01     78.92     15.27       3
      970527      8.53      3.15     33.98     12.17       4
      970528      4.72      3.32     18.64     13.27       4
      970529     12.45      3.53     47.14     12.88       3
      970530     10.56      3.03     41.02     11.63       3
      970531   -999.00   -999.00   -999.00   -999.00       0
      970601     29.09      7.48    111.41     27.55       4
      970602     83.44     46.62    304.31    164.23       2
      970603     81.14     20.22    293.90     70.58       4
      970604     63.68     18.08    232.83     63.88       3
      970605     61.12     12.35    223.45     43.68       4
      970606     45.47     23.73    166.47     83.59       4
      970607     35.80     15.48    131.56     54.74       4
      970608      9.49      2.44     36.55      9.09       3
      970609      4.57      1.17     18.24      4.44       3
      970610      4.79      1.76     19.11      6.66       3
      970611      4.55      0.07     18.37      0.28       2
      970612     15.62     13.15     60.95     49.37       3
      970613     12.55      7.47     49.21     28.95       4
      970614     19.18      3.41     75.10     12.74       3
      970615     15.72      2.93     61.21     10.99       4
      970616     37.08     16.85    138.81     60.62       3
      970617     19.98     10.78     76.33     39.57       4
      970618     12.68      5.42     49.95     20.64       4
      970619     11.72      6.70     45.85     25.95       4
      970620      4.84      0.06     19.54      0.23       3
      970621   -999.00   -999.00   -999.00   -999.00       0
      970622      5.69      0.05     22.98      0.21       2
      970623      9.02      4.37     35.75     16.66       2
      970624      9.59      6.74     37.69     25.43       3
      970625     21.83     12.29     83.24     44.99       3
      970626     22.72      5.95     86.35     21.91       4
      970627     12.46      1.07     48.09      4.12       4
      970628      2.72      0.48     11.01      1.96       3
      970629   -999.00   -999.00   -999.00   -999.00       0
      970630   -999.00   -999.00   -999.00   -999.00       0
      970701   -999.00   -999.00   -999.00   -999.00       0
      970702      6.11   -999.00     23.97   -999.00       1
      970703      9.20   -999.00     36.11   -999.00       1
      970704      4.86   -999.00     19.63   -999.00       1
      970705   -999.00   -999.00   -999.00   -999.00       0
      970706      4.47   -999.00     18.06   -999.00       1
      970707     19.79     15.90     77.61     60.93       3
      970708      5.74      4.92     23.00     19.51       3
      970709     17.59     17.54     67.71     65.15       4
      970710     11.37      7.59     44.83     29.09       2
      970711   -999.00   -999.00   -999.00   -999.00       0
      970712   -999.00   -999.00   -999.00   -999.00       0
      970713   -999.00   -999.00   -999.00   -999.00       0
      970714      5.24      0.03     21.16      0.12       3
      970715   -999.00   -999.00   -999.00   -999.00       0
      970716   -999.00   -999.00   -999.00   -999.00       0
      970717      1.19   -999.00      4.82   -999.00       1
      970718   -999.00   -999.00   -999.00   -999.00       0
      970719   -999.00   -999.00   -999.00   -999.00       0
      970720      7.41      3.54     29.34     13.48       2
      970721   -999.00   -999.00   -999.00   -999.00       0
      970722      0.64   -999.00      2.58   -999.00       1
      970723     21.66      7.10     83.46     26.43       3
      970724     33.85     24.14    129.80     89.80       4
      970725     58.32     28.20    214.97     99.96       4
      970726     43.95     22.26    162.05     80.82       4
      970727     22.34      7.27     84.08     27.65       4
      970728      8.66      4.30     34.30     16.42       2
      970729   -999.00   -999.00   -999.00   -999.00       0
      970730   -999.00   -999.00   -999.00   -999.00       0
      970731   -999.00   -999.00   -999.00   -999.00       0
      970801   -999.00   -999.00   -999.00   -999.00       0
      970802      1.15      0.23      4.65      0.91       3
      970803     10.42      0.82     40.21      3.18       4
      970804     10.12      4.16     39.42     15.65       4
      970805     11.62      2.79     45.76     11.28       3
      970806     52.27     32.67    193.93    116.50       4
      970807     47.31     15.14    177.60     54.68       3
      970808     57.83     32.01    214.41    115.35       4
      970809     30.10     15.70    114.10     56.37       4
      970810     18.37     10.68     71.13     40.44       4
      970811     77.46     88.02    283.20    311.88       4
      970812     50.99     40.67    192.15    147.84       4
      970813     57.58     15.73    219.06     58.50       4
      970814     47.14      9.36    179.53     33.97       4
      970815     50.44     11.75    190.91     43.06       4
      970816     48.37      8.69    182.87     32.21       4
      970817     43.71     20.63    164.19     75.24       4
      970818     39.95     16.87    149.34     60.47       4
      970819     38.48     14.33    143.54     51.86       3
      970820     23.05     10.42     86.92     37.99       3
      970821     20.09      5.83     75.19     21.18       4
      970822     11.98      5.79     44.83     21.25       4
      970823      1.40      1.03      5.53      3.99       2
      970824   -999.00   -999.00   -999.00   -999.00       0
      970825      5.39      5.06     20.50     18.83       4
      970826     37.24     23.83    134.26     82.57       4
      970827     43.23     16.26    159.21     57.88       4
      970828    101.62     61.23    365.54    213.92       3
      970829    168.88     44.86    598.62    152.88       3
      970830    142.93     16.44    517.34     59.08       3
      970831    144.06     47.12    517.54    165.56       4
      970901    121.88     24.17    437.42     82.69       4
      970902    101.51     52.13    364.13    178.75       4
      970903     66.88     30.99    243.54    109.78       3
      970904    976.44   1551.55   3093.25   4856.35       3
      970905    152.60     52.21    545.16    185.58       3
      970906    178.28     26.32    639.23     91.94       4
      970907    230.66     48.61    819.08    166.13       4
      970908    357.55    102.51   1255.89    347.76       4
      970909    589.39    102.06   2040.21    329.45       4
      970910    741.49     93.32   2560.46    311.89       4
      970911    652.67     44.45   2262.69    148.38       4
      970912    478.57     57.08   1676.88    194.43       2
      970913    373.60     37.20   1317.87    127.45       4
      970914    342.53    113.71   1205.54    385.55       4
      970915    294.62     67.74   1043.69    230.40       4
      970916    220.66     62.68    785.51    216.48       4
      970917    135.71     58.39    487.94    204.61       3
      970918     77.66     23.69    283.65     83.65       4
      970919     49.23     12.35    181.84     43.92       4
      970920     27.86      6.07    104.49     22.19       4
      970921     19.73      4.08     74.72     14.82       3
      970922     58.49     49.42    212.24    171.07       4
      970923    116.66     52.07    417.92    180.90       3
      970924    139.58     33.37    498.04    116.53       3
      970925    156.48     30.92    557.18    107.87       4
      970926    137.90     17.31    492.77     62.36       4
      970927    109.53     27.25    389.98     92.73       3
      970928    101.02     18.53    358.07     63.83       4
      970929     60.00      5.01    215.08     18.35       4
      970930     40.28     11.25    144.75     38.67       4
      971001     16.15      2.93     60.36     10.65       4
      971002     16.55      7.44     62.95     27.47       4
      971003     24.51     11.98     92.90     44.28       4
      971004     26.79     20.31    102.18     74.63       4
      971005     18.63      7.37     72.78     27.48       3
      971006     10.00      0.16     40.42      0.64       4
      971007      4.86      3.49     19.46     13.82       3
      971008     12.23      7.87     46.59     28.93       3
      971009     12.29      8.95     48.19     33.64       4
      971010     21.78      8.62     84.85     34.09       3
      971011     31.15      8.70    119.28     32.35       4
      971012     34.98     18.77    132.37     68.42       4
      971013     55.79     11.52    206.94     40.81       3
      971014     32.79      7.15    124.06     25.76       3
      971015     46.26     15.77    172.84     56.95       4
      971016     49.32     18.76    184.60     67.72       4
      971017     51.44     25.17    192.85     91.69       4
      971018     43.45      9.32    165.03     34.71       3
      971019     31.90     22.31    122.62     82.59       3
      971020     38.21     14.97    146.41     55.56       4
      971021     30.37     17.79    117.04     65.94       4
      971022      9.33      3.05     37.23     11.73       3
      971023   -999.00   -999.00   -999.00   -999.00       0
      971024   -999.00   -999.00   -999.00   -999.00       0
      971025      2.69      1.78     10.48      6.80       3
      971026      7.80      3.18     29.93     11.95       4
      971027     27.48     15.89    104.48     58.52       4
      971028     57.15     20.68    211.81     72.93       3
      971029     67.91     18.79    247.16     65.58       3
      971030    109.59     40.30    395.56    139.03       3
      971031    152.99     17.04    547.74     57.97       3
      971101    138.13     47.35    495.50    164.19       4
      971102    219.42     79.01    778.36    275.20       3
      971103    310.66    124.79   1072.00    409.09       3
      971104    539.05    255.29   1819.19    830.63       3
      971105    347.16     34.02   1185.78    114.92       3
      971106    214.58     18.92    745.46     64.15       3
      971107    113.99     29.99    400.26    103.82       3
      971108     70.90   -999.00    255.76   -999.00       1
      971109     13.06      5.05     51.71     19.81       2
      971110     29.29     12.68    107.22     42.88       2
      971111     27.89     13.41    104.11     48.63       3
      971112     14.24      6.54     54.07     24.27       3
      971113     21.27     12.87     80.97     47.66       4
      971114     43.35      9.82    159.12     34.39       4
      971115     82.21     22.23    292.24     75.24       3
      971116     98.95   -999.00    350.79   -999.00       1
      971117    208.63     46.55    729.27    159.79       2
      971118    216.70     66.57    762.64    229.50       4
      971119    183.88     65.40    654.38    223.79       3
      971120    200.28     16.33    714.10     52.47       3
      971121    204.44     33.98    725.31    114.62       3
      971122    194.34     19.61    683.47     64.74       3
      971123    128.47     23.92    460.44     83.33       3
      971124     87.81      4.48    318.45     13.16       2
      971125     24.33      8.35     90.75     30.71       3
      971126     18.37     17.89     66.18     62.33       3
      971127    110.83     34.80    382.97    117.22       4
      971128    202.17     87.93    691.88    296.01       3
      971129    300.64    105.51   1028.01    348.82       4
      971130    364.70    239.14   1245.73    791.67       2
      971201    354.15    129.01   1218.58    428.08       4
      971202    435.55     98.64   1491.30    325.90       3
      971203    398.45     80.63   1370.02    268.40       4
      971204    244.35     49.29    852.73    164.58       3
      971205    162.65      8.44    574.38     27.76       3
      971206    110.02     15.68    394.30     54.67       3
      971207     89.25     12.63    327.51     43.51       3
      971208     70.39     12.52    268.12     48.67       3
      971209    106.95     35.53    403.17    130.19       4
      971210    115.31     41.76    431.87    150.29       3
      971211     90.45     19.36    340.60     70.88       3
      971212    115.32      2.55    427.05     12.89       2
      971213     91.98     42.83    340.00    154.81       3
      971214     57.14     15.00    212.23     53.78       3
      971215     57.52     10.74    213.20     38.60       4
      971216     78.73     24.27    286.82     84.93       3
      971217     71.33     14.29    260.79     50.27       3
      971218     59.43     13.01    218.56     46.10       3
      971219     39.51      4.93    147.78     17.80       2
      971220     45.11     13.42    167.69     48.02       2
      971221     36.80     17.95    136.64     62.56       3
      971222     51.36     22.55    185.05     79.08       3
      971223    197.21     45.24    685.30    153.64       4
      971224    191.00     12.69    672.92     45.88       3
      971225    217.22     74.43    766.75    252.63       3
      971226    254.94     81.15    902.21    277.73       4
      971227    234.17     46.19    836.14    159.82       3
      971228    240.33     83.53    857.63    287.48       4
      971229    240.92     45.26    861.32    156.41       4
      971230    214.36     40.42    772.54    141.27       4
      971231    202.32     38.96    728.83    136.30       4
