Tue Dec  2 10:03:20 2014   calc_USAF_spotindex_Nov12.pro
SSB:1991 AREA-DEP & AREA-INDEP CONTRASTS & SDEVS: BOL EXCESS=0.324
      910101    208.01     48.55    765.35    173.56       6
      910102    299.13     89.46   1088.40    317.70       7
      910103    264.12     46.10    966.51    163.24       5
      910104    283.24     53.94   1032.54    189.74       4
      910105    262.35    138.94    954.88    496.81       2
      910106    187.98     65.12    695.43    236.60       7
      910107    213.70     55.29    779.19    196.50       7
      910108    334.05     67.46   1169.99    225.71       6
      910109    452.96    148.17   1544.02    484.23       6
      910110    591.14    231.00   1982.78    763.03       7
      910111    892.79    173.26   2988.77    568.26       6
      910112   1101.29    172.02   3695.69    565.76       6
      910113   1394.69    398.86   4666.93   1281.31       5
      910114   1208.50    216.55   4083.80    712.14       6
      910115   1175.12    175.79   3979.05    580.19       5
      910116   1210.09    113.70   4107.18    383.05       6
      910117    944.20    183.78   3211.15    596.61       4
      910118    851.02    222.00   2943.45    741.70       6
      910119    590.48    164.04   2066.04    562.40       6
      910120    433.97    309.01   1515.61   1028.70       5
      910121    275.06     64.37    977.75    222.98       6
      910122    512.32    142.67   1771.21    475.29       5
      910123    707.08    288.17   2414.92    969.18       5
      910124   1047.14    322.98   3558.75   1079.08       5
      910125   1352.87    163.03   4590.42    530.57       7
      910126   1548.50    456.78   5264.66   1508.44       5
      910127   1830.45    713.97   6220.33   2371.58       4
      910128   2038.60    422.55   6938.38   1387.35       6
      910129   2206.17    472.97   7504.29   1574.94       6
      910130   3021.88    585.47  10161.51   1904.63       7
      910131   2882.76    479.35   9686.46   1558.63       5
      910201   2505.70    583.16   8402.15   1900.43       5
      910202   2085.54    301.19   7013.18    983.06       4
      910203   1336.33    316.28   4544.20   1059.62       6
      910204    814.95    229.43   2803.71    807.12       5
      910205    745.54    204.96   2594.45    682.86       7
      910206    498.99    129.14   1777.53    443.71       6
      910207    416.96    197.79   1481.47    696.49       6
      910208    477.32     67.39   1684.51    232.23       5
      910209    640.26    105.44   2240.84    353.65       7
      910210    689.60    125.41   2408.26    423.96       5
      910211    507.75     80.20   1796.18    269.64       4
      910212    611.00    219.17   2154.90    752.57       4
      910213    535.66    102.02   1926.40    361.67       6
      910214    396.23    140.32   1450.48    495.56       6
      910215    354.21     32.79   1298.61    115.55       7
      910216    289.45     48.75   1063.35    163.63       3
      910217    249.50     63.71    913.44    225.99       6
      910218    422.31    154.64   1515.48    538.45       7
      910219    774.51     66.63   2718.07    229.89       7
      910220   1020.12    311.89   3539.56   1066.95       5
      910221   1600.49    531.15   5520.14   1830.35       6
      910222   1547.35    290.66   5329.28    984.44       5
      910223   1782.08    177.65   6093.45    607.53       3
      910224   1789.60    247.24   6113.26    827.47       5
      910225   1655.18    740.46   5684.87   2538.93       7
      910226   1271.54    215.31   4390.94    729.45       7
      910227    946.05     80.10   3292.17    275.89       5
      910228    717.80    156.51   2495.41    562.18       6
      910301    552.94    123.21   1926.79    426.61       6
      910302    435.35    166.26   1527.62    566.70       5
      910303    155.76     45.80    557.63    157.62       7
      910304    121.25     10.94    442.15     35.98       5
      910305    123.32     30.65    451.21    110.09       6
      910306    186.99     61.57    665.51    212.99       7
      910307    278.56    101.62    984.76    346.63       6
      910308    402.32     87.04   1420.89    294.61       4
      910309    697.70    262.63   2437.06    920.07       5
      910310    711.19    276.55   2469.65    932.21       7
      910311    813.59    237.11   2816.81    791.46       6
      910312    931.31    238.63   3219.01    791.06       6
      910313    832.42    135.11   2889.16    457.38       6
      910314    747.65     67.94   2613.85    224.72       6
      910315    870.22    106.25   3024.70    354.55       4
      910316    971.30    214.96   3375.31    721.57       4
      910317    790.70    236.17   2773.89    796.93       5
      910318    664.54    227.84   2330.50    768.18       4
      910319    778.07    133.92   2700.12    443.43       4
      910320   1174.98     90.53   3986.96    316.62       4
      910321    929.36    527.68   3148.19   1754.77       4
      910322    844.10    803.55   2872.23   2639.05       4
      910323   1653.17    323.36   5507.46   1046.81       6
      910324   1702.72    704.25   5651.05   2301.12       7
      910325   1857.25    352.37   6165.38   1131.41       6
      910326   1676.14    280.37   5579.10    902.37       7
      910327   1273.25    157.39   4245.93    496.92       5
      910328    844.12    148.00   2856.44    497.83       5
      910329    499.97    121.45   1713.31    399.42       6
      910330    331.98    169.15   1158.40    589.77       4
      910331    468.27     41.50   1638.97    140.70       5
      910401    530.98     95.29   1858.61    324.30       7
      910402    565.24    156.04   1981.78    539.68       6
      910403    649.77    104.54   2289.06    362.51       5
      910404    587.19     64.88   2089.15    226.17       6
      910405    644.40    138.03   2294.29    476.21       7
      910406    524.12    164.72   1890.57    577.82       7
      910407    289.72    120.68   1064.90    443.45       7
      910408    241.41     84.94    897.11    307.79       7
      910409    262.95     84.38    978.27    307.96       7
      910410    278.90     80.92   1026.57    292.56       7
      910411    379.50    103.05   1379.91    361.81       4
      910412    545.29     92.30   1952.16    316.42       5
      910413    673.23    145.61   2367.05    493.36       5
      910414    885.65    165.99   3088.12    566.22       6
      910415    878.47    243.94   3068.59    828.17       7
      910416    753.51    110.62   2647.00    379.81       6
      910417    646.52    121.25   2274.97    432.06       5
      910418    598.04    217.40   2102.46    759.93       6
      910419    459.90    221.58   1628.69    779.89       6
      910420    400.38    133.50   1438.68    466.09       6
      910421    214.11    110.32    778.38    391.52       6
      910422     71.43     32.47    268.66    120.39       6
      910423     46.27     20.40    175.32     75.26       7
      910424     45.55     21.49    173.02     77.52       6
      910425     37.98     13.42    145.66     50.78       5
      910426     61.55     31.29    234.88    116.92       7
      910427     73.15     22.86    274.49     83.10       7
      910428    175.56     77.12    648.93    279.33       7
      910429    344.78    100.29   1246.53    353.80       7
      910430    339.01     51.70   1231.01    182.63       7
      910501    323.12     62.20   1170.69    220.14       7
      910502    242.98     40.60    891.20    146.27       7
      910503    243.66     59.84    895.83    213.74       6
      910504    318.23     88.44   1149.37    305.27       6
      910505    527.32    164.34   1842.67    551.14       6
      910506    820.67    278.50   2799.23    912.52       7
      910507   1076.81    226.36   3646.55    742.79       6
      910508   1584.97    375.15   5332.35   1273.28       6
      910509   1356.72    213.48   4588.86    704.88       6
      910510   1150.86    284.05   3930.74    951.63       7
      910511   1029.66    129.67   3561.26    436.87       6
      910512   1153.62    127.52   4011.70    437.31       7
      910513   1137.30    146.21   3961.89    488.95       7
      910514    922.00    147.38   3222.86    510.81       6
      910515    807.27    142.43   2821.42    479.17       6
      910516    641.57     69.34   2250.24    229.95       5
      910517    425.20     82.51   1507.16    288.45       6
      910518    386.46    129.30   1378.98    456.94       7
      910519    313.77     20.89   1126.88     78.00       6
      910520    330.49     52.02   1191.84    185.61       5
      910521    293.26     95.26   1059.93    336.42       5
      910522    352.62    138.08   1282.80    499.32       6
      910523    287.36     20.48   1041.01     74.67       5
      910524    274.04     52.97    975.47    181.67       5
      910525    573.81    216.66   1992.93    739.20       6
      910526    855.99    137.21   2929.19    460.40       6
      910527    927.34    183.17   3162.19    616.68       6
      910528    749.24    339.27   2580.78   1129.30       5
      910529    813.03     70.53   2791.77    240.33       6
      910530    550.55    108.02   1905.28    363.90       6
      910531    341.65     38.40   1199.13    133.53       4
      910601    711.81    393.48   2498.88   1374.11       5
      910602    691.37     74.14   2444.14    259.01       7
      910603    691.19    145.94   2444.32    503.84       7
      910604    802.16    118.24   2811.45    392.79       6
      910605   1009.90    195.72   3497.64    663.65       6
      910606   1289.55    206.51   4391.65    688.63       5
      910607   1371.72    165.54   4653.97    554.18       6
      910608   1665.41    323.21   5626.02   1073.28       6
      910609   1775.20    203.09   5995.56    660.87       4
      910610   1619.65    397.73   5472.73   1292.03       4
      910611   1176.77    487.56   3987.10   1611.08       6
      910612   1273.44    191.02   4274.75    663.50       6
      910613   1002.15    193.79   3395.79    663.18       7
      910614    716.52    120.79   2442.57    393.80       4
      910615    399.65    113.45   1410.57    381.11       4
      910616    312.68     86.47   1146.42    310.12       7
      910617    269.26     68.32    982.46    241.34       6
      910618    338.23    107.69   1214.00    372.11       7
      910619    428.09    107.61   1518.08    372.07       5
      910620    407.09     75.28   1464.68    265.22       6
      910621    361.82     79.93   1317.43    285.45       7
      910622    334.70     48.97   1224.69    174.67       7
      910623    237.58     59.78    879.59    215.02       6
      910624    171.67     19.38    643.21     68.40       6
      910625    223.79     75.49    829.09    270.44       7
      910626    292.35    167.60   1060.25    597.34       6
      910627    641.19    135.18   2254.18    467.72       6
      910628    850.74    136.74   2978.47    467.13       6
      910629    883.96     95.08   3099.12    325.87       7
      910630    822.56     86.78   2898.07    297.80       7
      910701    773.43     96.79   2742.12    320.72       6
      910702    817.00    392.79   2919.51   1410.65       5
      910703    633.52    104.43   2288.88    375.76       6
      910704    699.26    110.59   2547.00    402.36       7
      910705    719.80    193.89   2606.45    676.68       4
      910706    670.49     93.48   2433.92    331.07       6
      910707    689.44    133.20   2496.11    471.01       4
      910708    581.96    212.28   2091.72    755.68       6
      910709    639.20     79.54   2279.33    274.36       6
      910710    638.27     88.48   2261.74    303.86       6
      910711    523.18     65.94   1863.19    225.98       4
      910712    618.64     99.03   2171.23    336.37       5
      910713    695.41     76.29   2427.32    256.12       7
      910714    609.25     81.34   2131.27    277.09       6
      910715    504.99    102.33   1778.39    349.77       7
      910716    384.63    138.29   1377.14    490.51       5
      910717    266.92     55.59    962.42    195.58       7
      910718    175.98     52.39    644.21    185.54       7
      910719    174.89     60.45    639.73    211.41       7
      910720    268.28    164.37    957.45    572.23       4
      910721    593.39    139.92   2086.71    486.36       6
      910722    837.93    118.54   2925.92    397.61       5
      910723   1203.05    259.85   4178.39    897.35       5
      910724   1373.85    694.54   4786.64   2393.07       6
      910725   1585.15    189.36   5501.77    639.12       7
      910726   1359.17    379.83   4714.83   1336.14       6
      910727   1256.14    120.36   4392.25    403.97       6
      910728    998.95    250.99   3507.18    845.37       6
      910729    832.47    201.03   2938.61    687.40       4
      910730    576.72    199.95   2050.26    696.85       6
      910731    641.18     95.86   2266.39    326.45       7
      910801    683.40    117.93   2383.69    403.80       6
      910802    749.53    192.90   2602.84    644.05       6
      910803    931.92    119.26   3210.61    394.65       5
      910804    748.59    117.79   2584.77    395.95       6
      910805    801.80    330.09   2757.16   1134.73       7
      910806    482.27    145.95   1678.70    479.92       6
      910807    352.72     39.38   1241.66    135.91       7
      910808    255.02     40.08    910.80    137.73       6
      910809    215.51     74.09    787.70    268.55       7
      910810    189.98     36.92    697.45    131.38       6
      910811    206.02     48.49    755.07    173.77       7
      910812    229.85     54.72    839.56    200.34       5
      910813    264.73     37.19    968.08    132.69       5
      910814    340.72     90.50   1233.13    317.19       7
      910815    508.78    143.75   1818.65    491.77       6
      910816    866.15    135.62   3078.78    471.08       6
      910817   1182.38    210.07   4185.00    721.63       7
      910818   1428.95    185.33   5049.11    631.98       7
      910819   1377.86    597.94   4880.80   2108.69       7
      910820   1585.70    190.12   5612.37    643.39       7
      910821   1858.09    259.15   6525.81    859.03       7
      910822   1594.25    407.11   5615.25   1376.72       7
      910823   1203.87    154.00   4260.92    538.35       6
      910824    921.81    254.89   3286.93    912.83       7
      910825    541.05    110.88   1941.26    394.09       7
      910826    477.78    181.55   1711.56    641.68       7
      910827    646.88    294.06   2290.99   1037.67       7
      910828    636.71    124.51   2256.29    429.74       5
      910829    735.55    162.56   2602.67    561.71       6
      910830   1030.56    306.84   3639.65   1084.52       7
      910831    768.15    109.68   2733.28    374.02       7
      910901    695.46    244.48   2473.59    828.35       7
      910902    477.11     80.02   1730.52    278.35       6
      910903    509.17    129.13   1838.32    468.22       7
      910904    437.85     78.02   1561.56    267.60       6
      910905    384.49     93.07   1377.84    323.11       6
      910906    329.42     40.37   1182.33    139.26       6
      910907    373.60     71.24   1320.10    234.13       5
      910908    401.22     71.45   1427.70    244.66       6
      910909    519.67     84.87   1841.75    291.13       5
      910910    564.67    132.88   2002.53    455.83       3
      910911    556.19     87.20   1981.19    298.54       5
      910912    449.18     72.42   1615.31    253.82       6
      910913    479.17    137.08   1723.79    468.05       6
      910914    352.66     74.69   1292.49    264.94       6
      910915    286.42     69.66   1058.94    250.47       5
      910916    247.16     37.00    912.01    130.72       6
      910917    264.10     36.92    972.84    129.12       6
      910918    294.24    127.93   1078.19    452.25       3
      910919    293.82     43.11   1065.73    148.96       6
      910920    270.58     32.89    983.00    115.27       6
      910921    222.07     21.35    813.30     78.44       5
      910922    165.81     54.77    614.86    205.78       5
      910923    143.23     39.14    535.59    146.95       5
      910924    128.12     23.74    480.07     85.94       6
      910925    207.47     60.18    748.33    205.94       7
      910926    436.67    103.63   1508.49    345.00       7
      910927    630.24    114.39   2142.72    383.79       7
      910928    792.01     66.10   2698.48    223.19       6
      910929   1020.79    214.45   3490.14    729.06       6
      910930   1392.38    280.56   4718.43    929.63       5
      911001   1582.02    279.26   5363.27    915.13       6
      911002   1658.76    119.15   5622.52    393.67       7
      911003   1559.42    128.38   5311.99    430.21       7
      911004   1309.52    139.38   4486.33    470.11       5
      911005   1098.48    114.84   3778.45    378.31       7
      911006    784.06    122.79   2718.52    420.80       7
      911007    342.58    109.70   1216.43    370.95       7
      911008    215.78     16.37    783.43     55.23       7
      911009    256.92     72.58    932.87    255.50       6
      911010    328.49     75.15   1187.23    262.76       6
      911011    410.44     52.29   1466.09    183.99       7
      911012    509.08     83.82   1798.38    288.29       5
      911013    549.22     83.76   1942.22    296.71       6
      911014    614.91     51.05   2178.70    170.61       6
      911015    515.53     39.60   1831.04    137.47       6
      911016    527.07     76.05   1883.08    272.39       5
      911017    449.28    111.46   1607.22    385.27       6
      911018    319.23     99.91   1153.07    352.11       7
      911019    161.65     45.69    594.04    165.98       6
      911020     81.69     22.57    309.21     80.90       7
      911021     83.41     27.57    316.01    102.36       6
      911022    151.18     56.46    543.86    194.02       5
      911023    475.89    183.99   1624.70    623.37       6
      911024   1042.02    300.40   3513.09    994.74       7
      911025   1637.89    316.40   5476.53   1024.52       7
      911026   1701.79    631.68   5693.76   2033.26       7
      911027   2114.56    124.82   7054.28    410.93       4
      911028   2092.13    202.56   7016.92    657.15       4
      911029   1949.61    280.47   6582.06    917.23       7
      911030   2053.07    671.50   6947.37   2173.47       5
      911031   1483.29    231.52   5082.10    755.77       5
      911101   1059.24    219.84   3666.94    731.73       6
      911102    581.24    159.49   2047.99    545.06       7
      911103    253.86     42.79    924.42    150.56       6
      911104    164.22     84.99    606.44    309.14       6
      911105    371.79    125.08   1334.03    435.67       7
      911106    501.87     94.56   1777.51    324.44       6
      911107    461.04     95.76   1641.60    334.39       7
      911108    489.07     75.42   1751.70    262.06       6
      911109    524.51    240.32   1852.36    826.67       6
      911110    689.61    157.89   2424.91    544.32       4
      911111    627.97    104.82   2209.68    353.28       6
      911112    797.40     49.19   2796.26    167.92       3
      911113    794.11     68.39   2766.84    228.06       5
      911114    662.21     48.26   2305.81    170.29       2
      911115    524.51     69.54   1833.75    234.27       5
      911116    297.03     30.80   1050.81    109.54       5
      911117    214.74     14.51    766.11     49.10       6
      911118   1049.03   1958.77   3382.54   6156.23       5
      911119    176.61     40.49    648.63    143.44       5
      911120    186.08     49.76    685.51    176.59       6
      911121    158.97     21.78    587.50     82.51       6
      911122    176.85     43.74    653.71    163.10       6
      911123    187.82     29.62    691.47    105.18       3
      911124    152.92     32.12    572.95    120.73       6
      911125    150.04     55.96    559.16    206.43       6
      911126    217.66     38.18    795.15    134.34       5
      911127    364.95     60.89   1323.58    217.79       6
      911128    453.51     69.33   1635.30    255.33       5
      911129    438.47     92.76   1560.26    319.94       6
      911130    397.61    132.19   1406.12    452.58       6
      911201    379.43     48.38   1347.21    162.41       6
      911202    367.74     69.16   1307.69    238.63       7
      911203    346.13     41.41   1243.99    142.19       5
      911204    459.29    104.23   1636.79    356.82       7
      911205    559.50    109.93   1988.21    374.18       7
      911206    758.79    151.08   2673.45    514.25       6
      911207    905.57    180.49   3182.65    612.56       6
      911208    929.99    139.41   3268.55    474.19       6
      911209   1418.81    326.39   4923.78   1099.20       6
      911210   1371.44     91.97   4768.51    295.07       5
      911211   1375.06    101.81   4770.97    339.60       4
      911212   1214.80    251.61   4206.76    860.67       6
      911213   1110.10    387.18   3830.95   1316.33       6
      911214   1274.33     76.70   4369.03    270.47       5
      911215   1115.94    144.81   3807.73    480.15       7
      911216    814.83    232.68   2826.05    775.99       5
      911217    900.47    300.20   3128.41   1031.03       6
      911218    503.17    150.89   1767.26    532.37       5
      911219    444.17     47.30   1575.88    155.32       4
      911220    481.03    210.34   1690.07    734.90       5
      911221    597.75     33.11   2086.37    112.67       6
      911222    773.35    145.53   2685.59    497.45       5
      911223   1014.74    140.81   3485.57    457.61       5
      911224   1259.32    235.09   4286.34    764.31       7
      911225   1403.48    246.25   4765.42    804.72       6
      911226   1437.33    156.62   4884.42    515.19       5
      911227   1717.65    246.80   5811.64    809.88       6
      911228   1603.86    191.70   5448.51    635.66       7
      911229   1503.98    217.33   5114.48    712.64       6
      911230   1214.53    150.14   4150.68    499.56       6
      911231    777.29    100.56   2674.73    337.71       4
