Tue Dec  2 10:03:55 2014   calc_USAF_spotindex_Nov12.pro
SSB:2010 AREA-DEP & AREA-INDEP CONTRASTS & SDEVS: BOL EXCESS=0.324
      100101   -999.00   -999.00   -999.00   -999.00       0
      100102   -999.00   -999.00   -999.00   -999.00       0
      100103   -999.00   -999.00   -999.00   -999.00       0
      100104   -999.00   -999.00   -999.00   -999.00       0
      100105   -999.00   -999.00   -999.00   -999.00       0
      100106   -999.00   -999.00   -999.00   -999.00       0
      100107     13.78   -999.00     51.12   -999.00       1
      100108      7.41   -999.00     28.28   -999.00       1
      100109     20.74      3.03     77.63     11.04       3
      100110     56.41     43.65    204.21    153.21       2
      100111    139.48     84.78    491.89    290.36       2
      100112    168.76     48.96    593.89    165.82       3
      100113    206.96     14.34    723.12     48.63       2
      100114    140.60     70.51    494.79    241.36       3
      100115    134.48     33.90    471.75    115.53       3
      100116     77.81     36.82    274.78    127.37       3
      100117     48.27     63.09    169.10    219.60       2
      100118      9.23      9.88     33.30     34.86       2
      100119   -999.00   -999.00   -999.00   -999.00       0
      100120      3.40      2.14     12.66      7.75       2
      100121     22.27   -999.00     79.91   -999.00       1
      100122     58.35     16.43    211.21     62.01       2
      100123    157.77     60.94    565.51    211.19       2
      100124    138.57     41.91    498.78    145.60       3
      100125     56.39     31.35    208.63    112.12       2
      100126     39.58     17.82    148.28     64.47       2
      100127     23.80   -999.00     90.78   -999.00       1
      100128     12.93     11.45     49.86     42.90       2
      100129      7.09      3.05     27.98     11.73       3
      100130      8.46      7.61     32.60     28.52       2
      100131     27.00     10.63    100.71     37.86       3
      100201     34.04      9.98    126.82     35.88       3
      100202     31.17      9.41    116.84     33.89       3
      100203     22.90     10.96     86.73     40.00       2
      100204      7.11      5.53     27.92     20.93       3
      100205    183.13    240.40    637.67    828.31       2
      100206     74.10     67.98    267.37    235.99       3
      100207     80.09     27.74    290.44     96.21       3
      100208    215.36    125.78    753.81    425.07       2
      100209    166.24     10.30    590.52     35.15       2
      100210    165.74     36.69    592.67    126.79       3
      100211    113.70     27.05    412.23     94.68       3
      100212     86.88      8.12    317.79     28.79       3
      100213     83.49     23.95    304.38     83.21       3
      100214     38.52     21.53    143.83     77.57       2
      100215     27.28      7.96    103.53     29.12       3
      100216     32.97      8.84    124.75     32.29       2
      100217     37.52      8.71    144.04     31.72       3
      100218     38.55     13.16    144.59     47.69       3
      100219     37.83     10.49    141.52     37.84       3
      100220     26.08      4.74     98.30     17.06       3
      100221     18.56      7.71     70.03     27.98       3
      100222      9.23      5.83     34.91     21.06       2
      100223     21.98     15.66     81.86     59.13       3
      100224     33.59     11.90    126.70     42.80       3
      100225     42.44     17.74    158.21     64.40       3
      100226     28.24      4.82    107.27     17.41       3
      100227     15.35      4.02     59.03     14.49       3
      100228      6.79      3.07     27.02     11.73       3
      100301     16.96     10.50     67.40     41.30       3
      100302     25.43      3.50     99.64     13.89       3
      100303     19.00      2.11     74.77      7.96       2
      100304     17.85      3.78     68.86     13.89       3
      100305      6.61      4.99     25.90     19.44       3
      100306   -999.00   -999.00   -999.00   -999.00       0
      100307   -999.00   -999.00   -999.00   -999.00       0
      100308   -999.00   -999.00   -999.00   -999.00       0
      100309   -999.00   -999.00   -999.00   -999.00       0
      100310     14.24   -999.00     56.14   -999.00       1
      100311     49.58     13.72    184.69     47.82       3
      100312     93.23     44.37    336.08    151.56       3
      100313    138.32     39.96    490.45    136.08       3
      100314    144.66     30.61    514.77    104.73       3
      100315    168.73     16.12    597.38     54.72       2
      100316    212.56    218.01    736.12    731.57       3
      100317     33.87      5.14    127.17     18.86       3
      100318     31.83      2.86    120.47     10.66       3
      100319      8.97      7.94     35.00     30.49       3
      100320     19.42     13.26     74.06     48.88       3
      100321     42.06      9.30    156.50     33.30       3
      100322     33.36     33.11    123.90    120.03       2
      100323      4.75      0.14     19.19      0.57       2
      100324     49.21     26.92    176.84     94.31       2
      100325    119.27     24.67    417.03     85.90       3
      100326    140.91     18.50    496.64     62.09       3
      100327    208.33     80.48    728.93    273.96       3
      100328    238.94     86.05    837.82    292.27       3
      100329    227.66     22.56    806.51     76.08       3
      100330    203.77     38.72    726.79    132.82       3
      100331    166.17      9.13    595.80     31.76       3
      100401    111.94      7.28    406.87     24.34       3
      100402     88.90     20.80    323.92     72.92       3
      100403     67.80      7.77    248.72     29.02       3
      100404     33.88     14.33    127.50     51.78       3
      100405     36.86     31.01    139.73    115.44       3
      100406     78.26     15.47    290.05     52.52       2
      100407     38.33      9.18    144.19     32.93       3
      100408     25.03     19.59     94.40     73.35       3
      100409      7.48      5.24     28.44     19.54       3
      100410      3.63      1.74     13.82      6.50       3
      100411     18.21   -999.00     70.26   -999.00       1
      100412      5.93      0.02     23.97      0.08       3
      100413      8.70      4.00     34.50     15.23       2
      100414      5.29   -999.00     21.37   -999.00       1
      100415   -999.00   -999.00   -999.00   -999.00       0
      100416   -999.00   -999.00   -999.00   -999.00       0
      100417   -999.00   -999.00   -999.00   -999.00       0
      100418   -999.00   -999.00   -999.00   -999.00       0
      100419   -999.00   -999.00   -999.00   -999.00       0
      100420   -999.00   -999.00   -999.00   -999.00       0
      100421   -999.00   -999.00   -999.00   -999.00       0
      100422      2.56   -999.00     10.35   -999.00       1
      100423   -999.00   -999.00   -999.00   -999.00       0
      100424   -999.00   -999.00   -999.00   -999.00       0
      100425   -999.00   -999.00   -999.00   -999.00       0
      100426   -999.00   -999.00   -999.00   -999.00       0
      100427      5.31   -999.00     21.46   -999.00       1
      100428      7.68      4.00     30.40     15.31       2
      100429      2.58   -999.00     10.41   -999.00       1
      100430      6.73      3.67     26.64     14.07       2
      100501      8.98      3.90     35.69     15.36       3
      100502     13.89      1.84     54.35      5.04       3
      100503     25.75     11.59    100.72     45.00       3
      100504     31.64      0.88    122.78      3.09       2
      100505     49.98     19.86    187.11     70.05       2
      100506     30.83      9.64    117.23     34.74       3
      100507      9.26      5.28     35.29     19.06       3
      100508      4.85      3.94     19.17     15.68       2
      100509   -999.00   -999.00   -999.00   -999.00       0
      100510   -999.00   -999.00   -999.00   -999.00       0
      100511   -999.00   -999.00   -999.00   -999.00       0
      100512   -999.00   -999.00   -999.00   -999.00       0
      100513   -999.00   -999.00   -999.00   -999.00       0
      100514   -999.00   -999.00   -999.00   -999.00       0
      100515   -999.00   -999.00   -999.00   -999.00       0
      100516   -999.00   -999.00   -999.00   -999.00       0
      100517   -999.00   -999.00   -999.00   -999.00       0
      100518   -999.00   -999.00   -999.00   -999.00       0
      100519   -999.00   -999.00   -999.00   -999.00       0
      100520     18.06   -999.00     68.87   -999.00       1
      100521     14.64     16.91     55.88     62.64       3
      100522     60.96      7.06    224.18     25.09       3
      100523     87.62     14.41    318.56     50.56       3
      100524     55.43     17.72    204.44     62.90       3
      100525     31.97     20.38    119.64     74.83       3
      100526     24.96     12.29     94.84     45.13       3
      100527     12.39      9.64     46.83     35.05       2
      100528      6.78      3.46     25.86     12.63       3
      100529     27.89     16.38    107.40     62.44       3
      100530     15.70      1.98     62.61      7.47       2
      100531     11.33      8.22     45.12     32.26       2
      100601     14.74     11.04     58.03     43.00       3
      100602     20.82     14.53     79.10     53.78       3
      100603     86.14     38.26    311.00    133.65       3
      100604     29.04      3.47    108.94     11.14       2
      100605     26.80      2.74     99.55      8.65       2
      100606     14.01      3.94     51.77     14.19       3
      100607      2.82   -999.00     10.87   -999.00       1
      100608     29.76   -999.00    110.40   -999.00       1
      100609     51.96     33.67    188.37    117.67       3
      100610     46.60      9.98    170.16     36.54       3
      100611     54.18     52.12    199.82    189.55       2
      100612     41.50     20.55    153.48     73.91       3
      100613     19.92      7.54     74.05     28.28       3
      100614   -999.00   -999.00   -999.00   -999.00       0
      100615      4.12   -999.00     15.90   -999.00       1
      100616   -999.00   -999.00   -999.00   -999.00       0
      100617     11.24   -999.00     43.38   -999.00       1
      100618      6.16      2.76     24.42     10.50       2
      100619     17.68      8.59     69.58     32.51       3
      100620     16.55      5.73     63.76     21.25       3
      100621     17.49      8.20     67.03     30.23       3
      100622     15.23      6.19     58.37     23.10       3
      100623      9.69      4.64     37.31     16.97       3
      100624      3.76      1.41     14.83      5.40       3
      100625     31.30     38.69    115.93    141.39       2
      100626      4.46      0.17     18.00      0.70       2
      100627     17.14      4.81     62.88     17.49       2
      100628     28.08      8.63    103.03     30.96       3
      100629     47.69      3.90    175.61     13.10       3
      100630     51.69      3.90    189.65     12.89       3
      100701     61.65      2.61    225.90      8.88       3
      100702     62.18      3.76    228.40     13.31       3
      100703     83.93     27.62    303.98     96.82       3
      100704     46.83     14.68    173.59     53.22       2
      100705     48.82     18.28    179.84     65.60       3
      100706     41.52     22.53    152.48     80.65       3
      100707     81.30    106.06    279.70    356.93       3
      100708      2.55      0.86      9.65      3.07       2
      100709      3.13      1.23     12.38      5.16       2
      100710     18.36     16.87     66.98     59.79       3
      100711     38.89     22.33    140.96     78.12       2
      100712     65.94     53.36    238.13    187.97       2
      100713     39.23     20.18    146.39     73.58       2
      100714     56.43      3.69    207.94     13.00       2
      100715     37.57      8.57    140.93     30.86       2
      100716     30.47      0.90    115.18      3.41       2
      100717     10.15   -999.00     39.84   -999.00       1
      100718     12.13      0.14     47.49      0.44       2
      100719      7.98      4.70     29.41     16.55       3
      100720     26.81     21.23     97.03     75.31       2
      100721     81.10     51.61    284.52    176.97       3
      100722     86.63     22.89    308.36     79.29       3
      100723     92.91     16.27    332.80     56.69       3
      100724     89.17     23.50    322.53     81.42       3
      100725     79.97     17.86    290.93     63.55       3
      100726     48.35      7.11    179.10     25.05       3
      100727     34.96      2.90    130.54     10.05       3
      100728     31.82     12.18    117.54     43.42       3
      100729     59.95      3.60    216.58     12.86       2
      100730     65.96     20.52    236.60     70.18       3
      100731     93.43     21.00    333.29     73.99       3
      100801    131.74     36.73    467.70    127.29       3
      100802    155.48     33.12    553.82    117.22       3
      100803    135.12     23.40    484.00     81.01       3
      100804    137.97      6.18    496.40     19.43       3
      100805    165.25     21.55    596.20     74.43       3
      100806    160.51     14.84    578.92     50.83       3
      100807     98.35     22.72    360.31     81.38       3
      100808    122.72      8.58    447.11     30.31       3
      100809    136.82      9.53    500.93     34.17       3
      100810    120.27     18.56    443.95     65.27       3
      100811    106.41      9.48    397.46     34.15       3
      100812    109.32     62.69    399.01    222.40       2
      100813     49.45      7.72    185.75     27.63       3
      100814     45.05     22.48    167.14     81.04       3
      100815     19.62      0.41     73.20      2.02       3
      100816     21.09      8.72     80.58     31.99       3
      100817     10.95      5.40     42.49     20.19       3
      100818      5.12      2.78     20.50     10.96       3
      100819      5.06      4.39     20.04     17.20       2
      100820      4.51   -999.00     18.24   -999.00       1
      100821   -999.00   -999.00   -999.00   -999.00       0
      100822   -999.00   -999.00   -999.00   -999.00       0
      100823   -999.00   -999.00   -999.00   -999.00       0
      100824      0.28   -999.00      1.10   -999.00       1
      100825     23.18      5.18     85.69     18.26       3
      100826     24.85     14.75     91.48     52.40       3
      100827     34.59     30.11    127.07    107.17       2
      100828     36.97     36.75    137.14    131.19       2
      100829    108.69     18.61    398.46     64.34       3
      100830    115.93     29.34    426.38    104.15       3
      100831    133.08     62.15    484.25    217.86       2
      100901    124.79     28.43    455.21    100.64       3
      100902     87.45     19.96    326.64     73.02       3
      100903     67.73      3.02    251.99     15.41       2
      100904     59.09     17.37    219.43     63.95       3
      100905     60.29     13.33    220.49     46.33       3
      100906     43.33      8.09    156.30     28.94       2
      100907      5.27      3.92     19.91     14.53       2
      100908      1.08   -999.00      4.18   -999.00       1
      100909   -999.00   -999.00   -999.00   -999.00       0
      100910      4.89   -999.00     18.47   -999.00       1
      100911      4.37      0.89     16.62      3.06       2
      100912      9.19      6.39     34.39     23.40       3
      100913     26.30      2.24     96.74      8.12       3
      100914     43.88      8.39    160.74     29.94       2
      100915     40.94      7.30    151.36     26.04       3
      100916     67.08     17.27    244.95     61.36       3
      100917     80.97     10.89    293.86     39.32       3
      100918    124.65     17.87    444.79     61.83       3
      100919    145.83     30.16    513.97    109.67       3
      100920    152.56      9.70    536.34     33.33       3
      100921    124.45     39.82    439.75    134.94       3
      100922    181.54     27.73    638.61     94.96       2
      100923    172.67     23.90    612.71     83.11       3
      100924    206.75     37.44    731.57    126.46       3
      100925    204.91     31.33    728.80    104.00       2
      100926    278.95     17.65    986.00     61.50       3
      100927    314.50     35.18   1103.60    116.38       3
      100928    213.15     77.45    754.78    265.33       3
      100929    222.29     95.97    787.34    329.41       3
      100930    155.46     69.24    555.26    241.80       3
      101001    123.64     37.68    440.56    130.05       2
      101002     92.37     14.58    328.93     50.47       2
      101003     43.97     12.77    162.01     44.84       3
      101004     24.58     15.49     92.13     55.28       2
      101005   -999.00   -999.00   -999.00   -999.00       0
      101006   -999.00   -999.00   -999.00   -999.00       0
      101007   -999.00   -999.00   -999.00   -999.00       0
      101008   -999.00   -999.00   -999.00   -999.00       0
      101009      4.80   -999.00     18.30   -999.00       1
      101010      7.86      5.15     29.74     19.06       3
      101011      7.37      3.33     28.60     12.60       2
      101012      9.77      1.55     37.97      5.60       2
      101013      7.86      4.70     30.54     17.29       2
      101014     22.80      3.59     86.64     13.83       2
      101015     87.12     18.87    320.65     67.22       3
      101016    139.46     37.95    507.76    134.48       3
      101017    184.65     46.32    672.07    162.39       3
      101018    217.82     19.85    788.37     69.65       2
      101019    187.83     24.97    681.99     89.50       2
      101020    180.15   -999.00    654.00   -999.00       1
      101021    138.28     33.33    506.85    117.54       3
      101022    142.75     48.12    522.30    170.14       3
      101023    146.01     25.91    533.02     90.74       3
      101024    175.23     73.64    633.27    257.73       3
      101025    231.17   -999.00    828.12   -999.00       1
      101026    259.38      8.82    914.95     34.60       2
      101027    265.63     78.03    924.59    265.40       3
      101028    285.04     72.68    982.12    242.96       3
      101029    270.44     64.50    933.12    211.35       2
      101030    106.44     30.65    369.44    105.94       3
      101031     68.86     47.61    239.44    160.00       3
      101101     29.87      7.29    109.33     25.56       3
      101102     29.90      7.54    110.35     26.98       3
      101103     22.62     12.01     84.97     43.66       3
      101104      7.72      4.73     30.64     18.37       2
      101105     24.90     12.22     94.26     45.51       2
      101106     44.64     16.94    171.33     63.53       3
      101107     57.84     46.16    216.37    169.18       2
      101108     48.44     33.62    182.68    122.71       2
      101109     36.01     29.55    136.57    108.52       2
      101110     52.63     13.78    201.06     52.13       3
      101111     60.14     23.76    225.18     87.28       3
      101112     57.52      4.96    218.67     18.39       2
      101113    101.45     46.21    379.88    165.81       3
      101114    129.69     67.93    479.08    241.24       3
      101115    165.40     48.38    598.30    167.75       3
      101116    215.56     73.89    768.88    259.87       2
      101117    119.78     73.14    435.07    256.28       2
      101118     47.81     24.17    179.47     87.12       2
      101119     90.00     37.99    329.89    135.09       3
      101120     68.11     16.84    253.24     59.90       2
      101121     48.66      6.45    182.70     22.73       2
      101122     43.18     21.44    160.93     76.69       3
      101123     44.13      5.80    167.14     23.61       3
      101124     25.60      9.14     96.66     33.47       2
      101125     16.76      9.94     65.41     38.50       3
      101126     13.00      8.45     50.07     31.40       2
      101127     21.62      3.65     83.16     18.15       2
      101128     52.66     20.13    198.67     77.07       2
      101129     65.79     46.81    240.91    165.67       2
      101130    114.13     17.49    409.86     59.83       2
      101201    134.64     39.37    478.53    135.71       2
      101202    125.84     87.67    445.82    302.57       2
      101203    212.57    125.77    749.31    430.84       2
      101204    151.43     32.01    542.19    112.90       3
      101205    178.76     68.25    638.48    240.03       3
      101206    284.60   -999.00    999.95   -999.00       1
      101207    301.89     43.34   1058.58    147.89       3
      101208    246.15      7.17    873.98     26.00       2
      101209    221.71     21.48    789.53     73.89       3
      101210    211.18     10.42    753.06     35.98       3
      101211    169.54     30.68    606.87    108.59       3
      101212    128.63     41.60    461.63    146.41       3
      101213     92.42     26.64    336.68     94.38       2
      101214     33.39     14.32    123.43     52.51       2
      101215      7.00   -999.00     26.47   -999.00       1
      101216     11.39   -999.00     44.42   -999.00       1
      101217      5.55   -999.00     22.42   -999.00       1
      101218   -999.00   -999.00   -999.00   -999.00       0
      101219   -999.00   -999.00   -999.00   -999.00       0
      101220   -999.00   -999.00   -999.00   -999.00       0
      101221   -999.00   -999.00   -999.00   -999.00       0
      101222     21.70   -999.00     87.67   -999.00       1
      101223      9.38      3.75     37.91     15.16       2
      101224     11.69      0.92     46.50      2.69       2
      101225     19.05      7.62     75.47     29.79       2
      101226     19.09     13.78     75.50     54.08       2
      101227     62.56     36.72    235.69    133.60       2
      101228     26.99     14.53    102.26     52.84       3
      101229     19.39      7.23     75.04     26.16       3
      101230      6.98      5.41     27.74     21.20       2
      101231     34.31   -999.00    128.75   -999.00       1
