Tue Dec  2 10:03:47 2014   calc_USAF_spotindex_Nov12.pro
SSB:2002 AREA-DEP & AREA-INDEP CONTRASTS & SDEVS: BOL EXCESS=0.324
       20101    505.21     43.28   1828.57    148.90       4
       20102    448.93     27.13   1630.66     92.72       3
       20103    420.08     82.92   1536.73    294.01       4
       20104    404.43     59.12   1462.73    212.72       3
       20105    395.40     62.96   1423.97    217.98       3
       20106    306.39     86.61   1105.10    303.41       4
       20107    265.80     42.21    966.46    147.12       4
       20108    229.59      4.15    847.25     14.08       4
       20109    411.16    103.73   1487.19    359.04       3
       20110    548.02    117.69   1947.13    403.95       3
       20111    643.59    113.34   2279.50    392.25       4
       20112    561.22    122.44   2003.16    417.93       3
       20113    586.43     47.27   2089.08    158.64       4
       20114    565.29     22.72   2032.30     80.20       3
       20115    531.60    129.05   1915.98    451.38       3
       20116    515.67     30.46   1862.44    105.36       3
       20117    604.78    104.66   2173.20    368.27       3
       20118    478.00     49.56   1730.56    171.93       4
       20119    500.63     81.94   1811.89    278.54       4
       20120    462.96     55.48   1682.69    195.08       4
       20121    625.14     85.94   2251.25    296.37       4
       20122    501.95     83.62   1794.32    288.52       4
       20123    529.82     82.49   1891.27    300.38       4
       20124    538.44     15.19   1917.60     73.18       3
       20125    455.58    109.19   1634.24    384.83       3
       20126    518.32     66.25   1847.11    236.52       4
       20127    512.60     75.09   1822.11    262.49       4
       20128    636.75    104.86   2245.00    351.76       3
       20129    733.08     52.91   2574.92    183.77       3
       20130    816.46     17.67   2845.47     64.91       2
       20131    994.85      2.77   3456.14     12.55       3
       20201   1092.06    219.85   3783.47    739.71       3
       20202    930.59     90.41   3256.90    304.49       3
       20203    720.15     98.42   2557.79    348.33       3
       20204    732.37    201.82   2605.46    713.77       3
       20205    664.58    253.51   2391.21    880.45       3
       20206    419.73     39.47   1532.05    136.98       3
       20207    362.27     69.29   1330.28    244.21       3
       20208    303.34     24.48   1122.71     85.62       3
       20209    339.34     90.06   1245.43    324.00       4
       20210    492.65     98.07   1775.25    351.12       4
       20211    508.64     81.01   1826.00    282.82       4
       20212    507.78     65.55   1808.98    223.24       4
       20213    538.53     34.47   1909.99    123.61       4
       20214    504.56     18.37   1784.53     70.08       4
       20215    450.53     29.04   1586.76     96.04       3
       20216    343.47     17.69   1231.75     62.37       3
       20217    426.16    194.10   1512.31    673.04       3
       20218    401.89     66.53   1410.56    224.41       3
       20219    489.05     40.29   1701.49    135.35       2
       20220    415.23     58.42   1449.12    197.39       4
       20221    428.16     90.66   1501.26    300.37       4
       20222    336.59     57.87   1192.41    201.42       3
       20223    340.00     75.01   1218.38    269.79       4
       20224    388.97     82.13   1395.31    284.87       4
       20225    343.56     31.13   1261.42    110.16       4
       20226    423.04     54.29   1540.20    193.34       4
       20227    367.24    106.97   1328.22    379.78       3
       20228    402.06     31.44   1443.93    107.25       3
       20301    387.17     29.38   1380.72     97.90       3
       20302    320.27     68.13   1142.97    241.22       4
       20303    278.16     25.19   1000.21     94.14       2
       20304    353.76     87.42   1269.73    303.88       3
       20305    278.25     73.42   1004.17    261.36       4
       20306    282.84     41.67   1035.57    149.02       3
       20307    284.58      3.88   1040.32     10.60       2
       20308    223.36     13.18    823.93     45.62       3
       20309    224.73     21.19    818.34     64.78       4
       20310    291.56     90.19   1037.41    307.06       3
       20311    459.28     41.75   1611.15    142.57       3
       20312    566.73    110.77   1966.29    358.41       4
       20313    647.49     47.68   2243.71    154.96       4
       20314    717.87     55.02   2486.81    184.35       4
       20315    672.73    142.44   2346.14    470.87       4
       20316    630.16     94.36   2224.93    320.15       4
       20317    657.45     61.07   2326.93    205.17       4
       20318    498.76     50.81   1781.90    180.89       4
       20319    365.22     46.50   1310.86    164.66       4
       20320    320.15     56.64   1159.57    198.30       3
       20321    294.50     25.37   1063.02     89.11       3
       20322    290.47     77.18   1054.07    268.85       3
       20323    301.24     65.49   1100.36    229.47       3
       20324    286.79     60.26   1055.26    215.85       4
       20325    343.02     16.30   1259.49     58.77       3
       20326    340.99    130.90   1245.70    461.18       3
       20327    380.92     61.95   1389.70    219.60       3
       20328    235.32     18.87    862.64     64.88       3
       20329    364.50     39.78   1303.18    139.79       3
       20330    438.72    103.28   1551.17    351.63       3
       20331    635.69     25.49   2237.83     80.20       2
       20401   1065.43     48.24   3706.59    165.05       3
       20402   1126.35     95.56   3920.57    302.49       3
       20403   1090.53    175.37   3789.21    582.74       3
       20404   1019.23     66.46   3541.86    220.08       3
       20405    918.23    100.01   3197.64    334.03       3
       20406    681.62    167.16   2401.97    576.21       4
       20407    625.12    110.49   2224.94    387.29       3
       20408    634.13     38.09   2252.81    135.97       4
       20409    696.77     75.75   2489.13    266.64       3
       20410    690.73     91.09   2487.58    322.47       4
       20411    658.20     52.20   2368.10    177.82       4
       20412    791.96     60.32   2839.40    197.92       2
       20413    993.02     11.51   3513.06     38.19       2
       20414    984.03     87.33   3454.22    298.81       4
       20415    989.84    137.32   3471.92    471.49       3
       20416    666.09    101.23   2355.92    353.11       3
       20417    532.53     54.41   1873.93    189.80       4
       20418    582.22     66.52   2053.62    231.29       3
       20419    549.80     66.78   1950.37    232.57       4
       20420    467.98     86.42   1681.92    307.24       3
       20421    318.25     45.17   1150.87    163.46       4
       20422    415.10     46.32   1494.82    166.63       4
       20423    431.75      7.89   1564.96     24.44       3
       20424    532.84     43.80   1934.09    151.40       3
       20425    394.49   -999.00   1456.00   -999.00       1
       20426    420.93     66.83   1522.40    234.78       3
       20427    475.05     80.35   1717.41    289.65       3
       20428    349.10     51.74   1270.04    181.37       3
       20429    244.05     10.66    896.05     34.92       3
       20430    157.47     54.47    583.79    194.48       3
       20501    209.13     16.49    778.99     63.16       3
       20502    298.91     66.77   1100.83    236.98       3
       20503    507.62    129.41   1835.87    453.44       3
       20504    591.07     36.48   2134.28    130.11       3
       20505    764.94     63.87   2744.28    229.39       3
       20506    690.56     59.65   2479.12    206.41       3
       20507    619.37     57.05   2217.50    177.93       3
       20508    508.11    215.01   1833.57    747.19       2
       20509    771.19     72.24   2734.63    254.73       3
       20510    906.24     64.37   3156.23    210.03       4
       20511    745.78     90.03   2610.03    297.35       3
       20512    690.73     94.83   2430.48    318.98       4
       20513    469.27    111.41   1672.99    389.30       4
       20514    430.42     91.52   1527.44    312.37       4
       20515    455.41     60.98   1614.27    210.33       3
       20516    465.82     22.51   1644.26     74.65       2
       20517    568.11     85.20   1992.93    302.19       3
       20518    611.14     47.05   2135.94    169.02       3
       20519    680.81     50.58   2375.25    174.59       4
       20520    807.54     92.17   2814.96    317.24       4
       20521    855.85    143.34   2991.08    469.05       4
       20522    787.30    105.29   2785.81    362.26       4
       20523    764.53    140.46   2716.50    484.02       3
       20524    654.00    212.28   2339.85    730.05       2
       20525    684.09    145.71   2434.69    502.96       4
       20526    626.49     20.34   2230.92     74.07       4
       20527    569.19     71.34   2037.82    250.83       4
       20528    441.39     58.27   1597.51    209.07       3
       20529    535.30     37.75   1897.01    136.11       4
       20530    483.88    117.57   1713.81    414.01       3
       20531    570.21     16.81   2006.43     52.08       3
       20601    580.64     88.85   2038.11    283.28       4
       20602    642.50     72.05   2247.54    247.53       3
       20603    633.65    166.27   2232.10    569.10       3
       20604    514.01    116.83   1838.22    411.16       4
       20605    616.33    117.02   2207.28    403.61       2
       20606    513.36     44.23   1853.71    167.95       2
       20607    363.13     11.29   1324.55     38.91       2
       20608    446.92     34.67   1615.62    122.87       3
       20609    414.74     54.85   1494.07    196.37       4
       20610    466.05     53.15   1665.85    184.37       3
       20611    416.45     70.06   1471.90    241.72       4
       20612    377.04     24.37   1335.42     84.07       4
       20613    310.34     62.61   1104.24    221.53       4
       20614    254.61     20.91    908.28     75.16       3
       20615    227.20     62.85    815.68    227.26       4
       20616    238.71     16.78    866.58     55.42       4
       20617    202.51     64.70    733.57    229.07       4
       20618    268.58     18.18    980.85     69.73       4
       20619    301.35     82.68   1092.30    288.70       4
       20620    330.96     44.71   1183.84    155.41       4
       20621    432.89     15.05   1532.07     51.22       4
       20622    470.71     46.94   1662.82    163.00       4
       20623    541.12     71.87   1916.45    248.67       4
       20624    526.32     60.33   1854.68    205.93       4
       20625    508.59     70.52   1790.42    241.00       3
       20626    416.98     75.47   1467.02    260.29       4
       20627    390.77     69.60   1381.30    238.41       3
       20628    264.37     35.14    945.83    128.04       4
       20629    198.71     34.41    719.25    122.09       4
       20630    206.23     39.65    743.33    140.35       4
       20701    256.40     17.68    909.89     57.80       3
       20702    363.65    102.22   1274.73    347.64       3
       20703    415.37     72.07   1459.59    241.78       4
       20704    455.18     85.54   1606.35    295.93       4
       20705    422.60     23.74   1504.00     87.19       4
       20706    390.39     92.28   1388.39    318.26       4
       20707    311.05     68.84   1118.66    240.97       4
       20708    229.17     57.90    831.92    209.26       3
       20709    190.91     35.85    696.56    129.23       4
       20710    162.85     18.93    589.19     69.46       4
       20711    203.23     21.55    724.61     86.65       2
       20712    274.03     77.65    951.22    259.62       4
       20713    420.67     56.75   1461.47    189.85       3
       20714    496.39     41.62   1704.39    141.03       4
       20715    709.31    116.05   2413.50    369.72       4
       20716   1044.99    188.61   3507.64    605.83       3
       20717   1013.42    140.85   3426.66    457.65       4
       20718    987.44    120.05   3363.83    392.22       4
       20719    984.02     31.34   3365.55    106.52       3
       20720    911.80     30.16   3125.96    104.25       4
       20721    945.13     83.95   3228.95    281.64       3
       20722    924.09    133.75   3183.91    456.88       4
       20723    970.84     39.79   3351.60    128.70       3
       20724    936.45    118.31   3249.29    390.72       3
       20725    894.49     84.73   3132.74    296.27       4
       20726   1129.58    278.80   3935.01    941.41       2
       20727   1273.42     93.82   4423.18    307.28       3
       20728   1377.18     86.79   4788.07    279.15       2
       20729   1485.39    169.72   5135.60    546.68       3
       20730   1048.31     97.03   3668.05    327.12       2
       20731   1093.29    174.48   3780.29    587.57       3
       20801    826.31     92.56   2877.11    310.64       3
       20802    632.88     33.22   2226.66    122.75       2
       20803    364.28     83.29   1308.27    286.51       3
       20804    368.58     86.06   1321.05    303.66       3
       20805    290.08     39.05   1046.86    136.63       4
       20806    268.77     45.82    971.21    163.47       4
       20807    294.40     13.58   1061.15     47.02       4
       20808    319.97     39.81   1143.64    141.82       4
       20809    432.75    120.17   1540.86    411.60       3
       20810    390.44    107.49   1395.99    373.98       3
       20811    295.71    108.66   1075.09    386.46       3
       20812    425.87    108.57   1523.13    367.73       3
       20813    747.00    189.65   2621.23    648.89       3
       20814   1085.59    203.97   3751.19    695.24       4
       20815   1328.27    269.99   4587.67    905.69       4
       20816   1565.03     62.43   5326.14    196.01       2
       20817   1740.30    346.98   5861.96   1134.28       4
       20818   1787.99     92.01   6015.00    282.36       3
       20819   1683.99     12.05   5680.79     81.12       3
       20820   1335.84    140.95   4522.59    470.94       4
       20821    996.00    174.93   3405.11    587.57       4
       20822    771.39    134.06   2663.69    449.10       4
       20823    678.84    157.08   2381.30    530.64       3
       20824    619.97     58.69   2186.12    198.85       4
       20825    650.56    122.41   2286.63    416.80       3
       20826    620.99     83.25   2176.51    279.97       3
       20827    537.10     42.71   1887.58    143.46       3
       20828    435.39     90.70   1539.06    305.25       3
       20829    302.16     25.95   1087.72     86.70       3
       20830    316.43     11.19   1134.15     40.63       3
       20831    468.81    108.83   1643.78    368.84       3
       20901    550.51     85.51   1938.97    298.18       3
       20902    887.65     73.00   3111.17    251.51       2
       20903    953.49    268.49   3341.97    938.77       2
       20904    745.25     47.86   2645.81    164.68       3
       20905    768.63    162.31   2730.13    557.70       3
       20906    537.28     23.81   1927.09     86.90       3
       20907    363.31     58.93   1319.55    206.62       4
       20908    407.11     23.63   1463.50     83.66       4
       20909    562.42     83.55   1956.42    278.10       4
       20910   1036.11    296.61   3537.64    985.70       4
       20911   1127.32    217.60   3858.50    721.20       3
       20912   1074.87     56.11   3691.27    191.76       4
       20913   1077.36     85.14   3684.09    300.26       3
       20914   1119.70    224.39   3850.35    758.07       4
       20915    780.99     79.71   2729.88    265.93       4
       20916    659.17     19.60   2323.05     72.43       3
       20917    592.13    111.75   2117.59    385.59       4
       20918    597.65    100.48   2143.40    345.18       4
       20919    602.16    127.37   2156.30    446.42       4
       20920    727.32     99.84   2597.08    348.12       4
       20921    715.75     33.53   2536.78    125.35       4
       20922    673.79      5.12   2406.72     21.13       3
       20923    647.05     50.75   2306.13    178.82       3
       20924    534.81    128.59   1911.13    452.76       4
       20925    529.28    122.21   1895.29    429.59       3
       20926    486.41     87.49   1739.93    309.67       3
       20927    305.63      7.86   1110.60     30.87       3
       20928    254.24     16.95    924.04     49.90       3
       20929    275.32     54.35    993.70    191.59       3
       20930    278.94     41.04   1005.52    154.37       3
       21001    352.52     41.79   1253.76    139.96       4
       21002    424.30     69.50   1496.09    239.94       4
       21003    356.60     85.07   1265.89    289.25       4
       21004    329.19     69.69   1165.95    237.41       4
       21005    466.60    152.94   1635.39    520.83       3
       21006    498.47    102.92   1747.38    346.92       4
       21007    574.53    102.79   2013.30    355.90       3
       21008    589.29     48.05   2076.06    171.03       4
       21009    648.72     48.60   2291.15    170.42       4
       21010    637.60     23.30   2270.13     76.79       3
       21011    614.56     66.85   2185.47    228.76       4
       21012    688.58     62.47   2442.82    210.19       3
       21013    599.92     73.24   2134.95    260.96       3
       21014    578.34     56.04   2062.41    191.85       4
       21015    531.37     36.53   1896.63    130.89       4
       21016    645.15    188.61   2301.93    664.74       4
       21017    532.22     53.79   1909.90    196.97       3
       21018    505.88    135.66   1813.02    472.04       4
       21019    468.47     66.64   1665.09    225.69       4
       21020    511.41    101.07   1787.36    342.57       4
       21021    491.51    173.40   1699.80    578.91       3
       21022    720.66    107.48   2462.99    363.50       2
       21023    825.33     46.99   2806.85    153.30       4
       21024    786.70     44.31   2686.01    144.33       4
       21025    701.87    113.80   2417.45    381.45       4
       21026    707.48   -999.00   2442.28   -999.00       1
       21027    472.54     66.61   1660.64    221.20       4
       21028    387.70     81.17   1373.76    275.21       4
       21029    292.60     36.07   1060.82    126.49       4
       21030    284.69     32.86   1039.86    119.40       4
       21031    253.48     50.59    934.16    181.57       4
       21101    329.95     73.88   1197.15    255.60       3
       21102    407.70     68.67   1470.96    246.13       3
       21103    490.75     61.70   1769.63    223.64       4
       21104    577.98    210.69   2064.66    721.43       3
       21105    824.99    110.12   2928.34    370.85       4
       21106    911.58    102.96   3223.15    353.00       4
       21107    809.34    125.47   2869.72    431.07       4
       21108    729.70    216.29   2588.66    747.34       3
       21109    677.28    162.21   2400.42    566.42       4
       21110    543.55    100.97   1929.31    360.29       2
       21111    421.17     94.66   1486.99    331.43       4
       21112    408.91    125.18   1432.84    421.39       4
       21113    533.45     35.56   1839.55    120.23       4
       21114    507.88    130.92   1772.04    445.61       3
       21115    616.64    172.49   2153.04    581.15       3
       21116    774.00    126.10   2688.01    420.05       4
       21117    774.96     89.55   2690.78    301.04       4
       21118    757.71     30.91   2636.68    104.08       4
       21119    689.89    112.47   2413.32    381.04       4
       21120    673.37     34.92   2359.23    122.87       4
       21121    685.81     69.36   2399.80    226.48       4
       21122    640.32     79.36   2250.50    265.41       4
       21123    554.23    155.90   1950.94    534.33       2
       21124    366.38     16.23   1290.55     55.93       2
       21125    268.89     87.35    952.00    304.37       3
       21126    160.83     44.36    571.24    157.61       3
       21127    124.23     39.43    452.63    143.43       4
       21128    145.26     34.57    528.14    124.14       4
       21129    169.51     19.65    604.28     73.63       3
       21130    198.52     61.19    714.15    215.33       3
       21201    246.29     50.21    888.05    178.46       3
       21202    348.16     52.60   1250.59    187.71       3
       21203    318.15     33.22   1150.66    121.56       4
       21204    354.60     67.74   1284.41    240.50       3
       21205    365.73     87.76   1332.56    311.63       4
       21206    314.02     99.84   1150.39    350.03       2
       21207    213.83     21.72    796.91     82.55       2
       21208    178.77     15.07    669.83     54.93       3
       21209    182.49     50.35    685.69    180.66       2
       21210    221.52      0.91    812.87      5.52       2
       21211    224.63     25.71    821.93     89.23       3
       21212    170.65     59.37    623.68    214.97       4
       21213    219.24     46.89    801.33    168.97       3
       21214    397.87     17.87   1446.33     69.96       3
       21215    513.43     37.43   1846.02    132.58       2
       21216    569.59    119.92   2041.35    418.96       3
       21217    787.18    135.01   2792.69    469.91       2
       21218   1036.27      0.37   3635.62      1.98       2
       21219    713.43     88.45   2521.15    299.40       4
       21220    744.18    197.98   2621.88    677.02       4
       21221    484.32    138.14   1734.74    485.22       3
       21222    383.56    121.23   1381.88    427.31       3
       21223    473.85    194.65   1673.71    673.48       2
       21224    159.61     90.62    580.75    320.33       4
       21225     78.49     17.59    293.09     63.97       3
       21226     69.96     32.54    259.58    118.80       4
       21227     39.55     18.62    150.37     69.15       4
       21228     47.61      9.18    183.90     37.33       3
       21229     37.18     16.68    143.44     63.97       3
       21230     43.84     20.43    168.66     77.93       3
       21231     99.98     21.00    379.18     83.09       2
