Tue Dec  2 10:03:51 2014   calc_USAF_spotindex_Nov12.pro
SSB:2003 AREA-DEP & AREA-INDEP CONTRASTS & SDEVS: BOL EXCESS=0.324
       30101     79.76     13.87    301.09     51.70       4
       30102     72.91     22.90    277.30     88.42       3
       30103     97.79     22.02    367.47     80.71       4
       30104    224.77     30.54    817.52    106.95       4
       30105    279.29     25.97   1010.25     90.45       4
       30106    227.19     71.50    828.09    255.61       3
       30107    350.68     43.11   1257.14    155.11       4
       30108    488.99     89.62   1746.34    318.81       2
       30109    465.14    190.55   1658.27    658.12       3
       30110    461.38    122.29   1641.21    426.79       4
       30111    623.01      7.72   2211.80     30.53       3
       30112    547.01    109.94   1958.85    381.42       3
       30113    430.93     62.97   1566.73    225.82       3
       30114    495.99    120.75   1801.50    421.93       4
       30115    383.77    157.36   1406.21    560.67       4
       30116    321.88     67.30   1189.28    239.89       4
       30117    305.23     10.21   1130.12     36.98       3
       30118    232.74     79.61    864.26    290.94       4
       30119    234.60     30.50    874.24    109.93       3
       30120    176.42     53.08    660.47    194.00       4
       30121    192.26     70.14    711.30    247.71       4
       30122    178.22     65.55    663.35    234.95       4
       30123    250.52     80.58    915.32    285.45       4
       30124    310.13     72.13   1127.30    252.94       3
       30125    290.02     80.91   1055.95    284.27       2
       30126    258.04     40.56    949.10    137.99       4
       30127    207.85     78.87    775.84    287.10       4
       30128    204.69     50.36    763.63    183.09       4
       30129    193.03     84.43    719.19    308.47       3
       30130    131.16     64.00    488.82    234.33       4
       30131     87.15     52.22    326.05    190.90       4
       30201     88.47      5.83    330.27     21.21       3
       30202     85.25      6.16    315.82     24.22       2
       30203    157.48     27.81    566.40     95.86       4
       30204    178.96     24.44    644.37     85.24       4
       30205    166.05     23.74    605.05     86.56       3
       30206    178.84     60.36    656.98    214.98       4
       30207    163.31     93.39    608.46    332.46       4
       30208    149.69     81.13    564.54    292.97       3
       30209    162.05     55.16    614.88    203.99       4
       30210    127.37     49.22    486.01    182.17       3
       30211    126.67     36.51    486.42    136.26       3
       30212    115.47     50.72    442.24    188.49       3
       30213     72.85     13.72    282.67     52.81       2
       30214     62.25     57.59    239.56    217.36       3
       30215     41.11     18.60    154.90     73.38       3
       30216     29.53     12.43    113.04     47.38       3
       30217     15.04      4.14     56.68     14.96       3
       30218     17.75      0.61     68.51      0.33       2
       30219     72.26     18.70    268.09     67.41       3
       30220    214.51     16.04    765.14     55.82       3
       30221    255.03     53.85    909.72    186.05       3
       30222    238.09     32.88    843.48    113.76       3
       30223    210.58      5.76    744.98     20.34       4
       30224    136.14     25.16    487.25     87.37       3
       30225     88.22     28.37    325.47    100.99       3
       30226     57.86     21.75    215.64     79.00       4
       30227     48.57      8.10    184.14     29.49       4
       30228     76.73     33.87    281.67    120.97       4
       30301    149.22     46.89    531.16    170.03       4
       30302    233.05     27.09    825.83     97.06       4
       30303    319.82     46.84   1129.83    166.04       3
       30304    450.18     39.87   1592.50    136.84       4
       30305    470.82     23.86   1663.12     89.18       3
       30306    389.28     71.79   1385.73    261.07       3
       30307    403.27     91.62   1439.09    333.57       4
       30308    420.00     72.07   1496.21    266.61       4
       30309    518.46    128.14   1839.44    455.69       3
       30310    460.02     88.54   1633.09    309.95       3
       30311    469.70     87.80   1663.20    299.42       2
       30312    481.34     70.84   1682.26    238.72       3
       30313    495.02     27.33   1729.60     88.23       3
       30314    534.65     54.44   1879.92    186.76       4
       30315    565.59     89.95   1983.86    311.83       4
       30316    608.57     50.94   2122.85    169.97       3
       30317    447.34     27.31   1550.27     91.58       4
       30318    324.66     55.41   1121.74    185.07       4
       30319    133.84     67.87    469.09    233.50       4
       30320     61.59     31.05    223.99    108.19       4
       30321     15.34      9.15     60.19     34.75       4
       30322     10.21      3.27     40.84     13.26       3
       30323     21.66      9.15     82.84     34.83       4
       30324     48.81      5.02    186.01     18.70       2
       30325    113.11     17.08    416.19     60.34       3
       30326    196.70     90.27    713.84    325.56       3
       30327    433.98     91.13   1540.90    308.88       3
       30328    594.07   -999.00   2096.28   -999.00       1
       30329    534.91    261.70   1913.35    911.40       2
       30330    640.26     83.93   2288.71    287.62       3
       30331    551.45    145.34   1977.54    512.20       3
       30401    515.97     56.48   1847.60    194.71       3
       30402    539.52     61.41   1930.58    224.75       3
       30403    498.01     51.38   1775.93    180.00       4
       30404    468.83    108.12   1658.81    373.19       4
       30405    387.45     72.93   1367.48    253.05       4
       30406    303.94     69.25   1081.28    238.88       3
       30407    274.73     17.35    975.10     55.99       3
       30408    298.73     14.60   1051.18     51.10       3
       30409    314.78     62.25   1105.50    217.30       4
       30410    267.21     30.02    941.20    101.46       3
       30411    241.61     25.79    851.17     89.18       4
       30412    216.80     20.33    767.64     64.83       3
       30413    178.17     25.53    640.46     88.32       4
       30414    126.38     41.85    460.92    147.93       4
       30415     72.04     30.29    269.03    110.73       3
       30416     46.10     13.23    174.68     49.57       4
       30417     48.24     12.55    183.65     49.10       4
       30418     65.91     10.72    246.44     42.45       3
       30419     80.26     16.02    295.79     58.55       4
       30420    162.57     19.50    588.43     69.27       4
       30421    230.27      5.52    829.61     15.83       3
       30422    253.98     46.13    919.84    162.54       4
       30423    269.32    138.41    966.27    492.88       4
       30424    324.18    106.91   1167.55    372.43       3
       30425    387.34    114.38   1393.86    403.27       3
       30426    528.39     58.37   1879.41    202.88       3
       30427    592.98    102.83   2107.57    350.09       3
       30428    727.50     48.44   2569.86    161.22       3
       30429    839.40     21.31   2963.84     70.91       2
       30430    751.24    133.97   2623.05    444.80       3
       30501    977.74     91.60   3359.15    300.38       3
       30502    910.52    215.14   3129.39    718.40       3
       30503    710.69    155.06   2464.36    528.09       3
       30504    780.65    100.72   2696.32    328.66       3
       30505    511.09    158.88   1785.26    532.56       3
       30506    407.21    117.79   1427.41    399.74       3
       30507    231.06     56.00    824.01    195.91       3
       30508    130.02      0.56    467.94      7.18       2
       30509    119.58     16.90    428.52     57.72       2
       30510     59.73      0.64    218.16      2.16       2
       30511     70.83      0.61    261.81      3.90       3
       30512     58.81      1.49    219.62      9.70       2
       30513     84.60     30.72    318.95    112.60       3
       30514    106.43     40.42    399.33    148.44       3
       30515    101.27     46.62    383.07    170.01       3
       30516    116.82     25.17    437.12     92.80       2
       30517     98.44   -999.00    368.20   -999.00       1
       30518     76.93      4.09    286.78     16.39       2
       30519     85.28      3.32    321.21     11.46       2
       30520    148.31     48.78    547.24    175.66       3
       30521    129.40     21.46    478.62     77.25       3
       30522    119.44      6.47    444.09     23.87       2
       30523     75.73     24.68    286.32     91.88       3
       30524     78.97     24.77    294.49     95.80       3
       30525    157.90     43.27    575.01    152.64       3
       30526    226.18     35.97    820.54    125.32       2
       30527    360.49     36.83   1277.86    117.46       3
       30528    617.19     89.15   2122.70    289.89       3
       30529    546.12     73.41   1883.78    245.15       3
       30530    350.46     60.89   1210.66    203.90       3
       30531    196.07     51.79    690.49    170.15       3
       30601    120.60     10.08    433.27     33.13       2
       30602    169.49     70.80    608.08    245.31       3
       30603    222.03     26.81    797.45     97.12       3
       30604    264.00     20.31    945.89     70.43       3
       30605    275.01     70.88    980.19    244.59       3
       30606    381.26    151.78   1344.72    506.65       2
       30607    505.24    183.55   1763.44    616.87       3
       30608    777.24     29.91   2681.20     92.51       3
       30609    891.89     87.85   3060.14    287.17       3
       30610    941.88    209.51   3226.93    693.16       3
       30611    971.40     82.06   3335.45    277.90       3
       30612    767.49     35.68   2663.52    129.51       3
       30613    514.75    144.32   1811.22    494.01       3
       30614    195.36      7.32    700.08     26.69       2
       30615    138.49     39.18    502.72    138.06       3
       30616    114.75     26.83    420.36     95.27       3
       30617    124.46     27.62    452.90     99.84       3
       30618    184.98      2.68    671.47      7.68       2
       30619    177.59     31.03    643.02    109.80       2
       30620    303.07     30.20   1090.47    112.19       2
       30621    319.43     45.19   1153.25    156.19       2
       30622    290.03     51.75   1043.93    180.67       3
       30623    269.54     18.20    975.56     58.66       3
       30624    244.39     25.99    895.51     91.86       3
       30625    304.91     35.91   1104.43    126.45       3
       30626    259.06      8.35    945.55     31.39       3
       30627    233.50     23.46    866.03     86.75       3
       30628    326.09     50.82   1189.64    180.87       3
       30629    396.24    101.74   1401.40    360.79       2
       30630    469.34     48.84   1641.36    170.25       3
       30701    514.03    101.62   1788.32    340.94       3
       30702    457.45     98.49   1590.69    322.25       3
       30703    516.51     90.53   1788.05    302.59       3
       30704    663.25     55.18   2280.77    190.80       3
       30705    765.72      3.33   2622.35      8.19       2
       30706    739.78     62.93   2533.84    204.83       3
       30707    555.79    119.01   1923.64    396.27       3
       30708    468.87     22.81   1644.03     83.16       3
       30709    204.06     29.39    739.83     99.53       3
       30710    173.33     64.40    633.31    224.64       3
       30711    204.64     24.86    740.42     86.87       3
       30712    185.78     54.44    678.61    195.82       2
       30713    204.35     16.40    751.79     56.23       3
       30714    221.58     53.16    811.67    186.96       3
       30715    315.78     61.52   1130.06    202.49       3
       30716    247.02     74.36    898.10    258.41       3
       30717    301.22     82.91   1099.42    294.05       2
       30718    384.46    126.42   1400.66    441.13       2
       30719    450.11     99.85   1629.66    348.68       3
       30720    810.92    103.23   2886.27    350.83       3
       30721    736.42     92.37   2616.43    305.29       3
       30722    676.88     68.87   2387.33    244.91       3
       30723    413.05     99.36   1467.91    345.34       3
       30724    208.73     51.66    751.83    179.01       3
       30725     82.12     13.83    304.66     53.64       3
       30726     77.59     38.49    286.56    140.02       2
       30727     70.88      4.41    263.62     20.76       3
       30728    145.49     45.84    532.30    155.58       3
       30729    182.36     31.01    656.70    108.02       3
       30730    158.09     37.22    574.37    128.20       3
       30731    183.19     33.71    664.03    114.79       3
       30801    198.84     13.53    715.17     43.74       2
       30802    214.28     16.99    777.36     59.39       3
       30803    336.44     22.98   1207.02     81.66       3
       30804    525.79     18.52   1857.44     55.75       3
       30805    582.77     80.53   2050.07    271.51       3
       30806    628.50     14.04   2190.62     46.13       3
       30807    606.49     20.20   2112.80     56.49       3
       30808    606.76    109.58   2119.53    369.35       3
       30809    580.91     46.02   2030.68    158.41       3
       30810    397.83     63.38   1410.42    218.13       3
       30811    242.54     36.11    867.67    124.00       3
       30812    163.76     21.48    591.95     73.17       3
       30813    222.05    136.36    783.39    461.38       3
       30814    332.65     42.55   1159.92    144.89       3
       30815    329.58     13.38   1151.47     41.60       3
       30816    256.75     35.64    910.26    124.73       3
       30817    228.59     19.36    814.95     64.97       3
       30818    119.37     17.49    438.33     65.23       2
       30819    110.62     16.38    404.95     58.52       3
       30820     77.63      4.73    284.26     16.80       3
       30821    154.99     38.65    569.52    137.01       3
       30822    253.75     49.33    922.69    172.43       3
       30823    282.69     41.23   1028.18    142.76       3
       30824    263.81     41.34    962.44    148.27       3
       30825    233.93     26.08    858.33     87.59       3
       30826    217.85     67.31    803.77    237.71       3
       30827    213.04     18.15    789.75     64.78       3
       30828    210.82     18.98    793.01     66.70       3
       30829    201.72     53.98    754.11    195.11       3
       30830    189.65     45.60    708.13    165.07       3
       30831    169.29     24.07    632.09     83.88       2
       30901     99.26     12.73    372.26     46.90       3
       30902     85.05     47.51    320.47    174.34       3
       30903     76.43     27.69    288.93    100.66       3
       30904     95.08     15.30    355.53     57.87       3
       30905    112.23     21.30    412.13     75.84       3
       30906     83.57      7.13    308.58     22.48       3
       30907     44.72     25.04    168.67     92.75       3
       30908     22.03      0.47     85.11      2.94       2
       30909     37.01      7.22    141.31     26.51       3
       30910     80.08     34.76    294.29    121.91       3
       30911    121.82      9.03    442.37     31.42       3
       30912    112.86     76.00    407.87    268.63       2
       30913     95.56     11.66    346.17     40.45       3
       30914     50.23      6.87    186.27     24.02       3
       30915     29.12     14.94    111.59     56.50       3
       30916     47.41     26.81    182.33     99.54       3
       30917    109.18     22.26    405.50     77.61       3
       30918    152.04     24.19    555.30     88.07       3
       30919    124.94     50.14    461.01    177.28       3
       30920     98.53     26.06    363.60     94.88       3
       30921    147.11     22.59    531.93     78.28       3
       30922    192.52     12.32    681.36     47.09       2
       30923    324.57     31.51   1142.40    100.55       3
       30924    399.26      8.19   1399.35     23.37       3
       30925    457.70      2.22   1610.99      7.17       2
       30926    507.54     73.23   1771.01    246.42       3
       30927    476.23     70.00   1667.97    241.80       3
       30928    461.50    158.14   1619.39    535.70       2
       30929    328.36     92.56   1156.05    315.12       2
       30930    275.66     75.66    973.09    253.36       2
       31001    220.48     45.06    786.64    151.20       3
       31002    195.49     89.36    694.76    312.39       3
       31003    164.14     62.87    598.37    223.30       3
       31004    197.49     28.59    714.34     96.83       3
       31005    171.01     16.11    626.11     58.31       2
       31006    178.73     27.52    650.57     94.48       3
       31007    200.01     24.89    725.65     90.98       2
       31008    231.97   -999.00    833.93   -999.00       1
       31009    114.60     24.50    422.40     86.30       3
       31010     74.03     33.46    275.76    121.29       3
       31011     65.11     15.78    243.88     59.05       3
       31012     36.33     22.29    138.04     81.70       3
       31013     14.54      6.60     57.65     25.07       2
       31014      9.93      5.56     39.72     21.89       3
       31015     18.87      1.56     73.11      6.47       2
       31016     29.67     10.86    112.80     39.47       3
       31017     25.28      8.45     97.35     32.90       3
       31018     67.73     15.82    253.44     53.54       2
       31019    270.41     94.86    926.02    312.76       3
       31020    568.72    175.88   1910.80    572.06       3
       31021   1011.71    146.33   3376.46    471.41       2
       31022   1180.64    136.10   3927.74    435.83       2
       31023   1377.18    171.00   4574.69    545.07       3
       31024   1402.97     59.39   4670.99    192.97       2
       31025   1790.67    137.15   5922.91    439.39       3
       31026   1828.84    194.96   6067.04    623.11       3
       31027   2184.74     71.22   7299.81    210.23       3
       31028   2467.34    134.62   8273.00    447.79       3
       31029   3165.93    347.14  10533.17   1119.39       2
       31030   3187.32    423.63  10646.76   1336.78       2
       31031   2347.36    392.88   7860.54   1286.63       3
       31101   1626.46    161.32   5456.87    555.17       3
       31102   1067.99    146.60   3582.51    522.07       2
       31103    401.28    107.43   1372.11    363.64       3
       31104    145.19     98.67    513.32    342.68       3
       31105     33.40      5.74    123.28     22.79       3
       31106     15.05      1.11     55.30      3.98       3
       31107      7.28      2.45     27.68      7.41       2
       31108     15.01     16.10     58.60     61.54       3
       31109     49.54     12.10    190.44     44.47       3
       31110     87.45     12.98    324.72     48.47       3
       31111     64.41     33.59    234.99    121.20       3
       31112     37.71   -999.00    138.01   -999.00       1
       31113     15.89      7.46     56.52     25.15       2
       31114     45.82     14.53    162.02     50.06       2
       31115    107.21     46.86    379.70    165.30       3
       31116    170.71     25.23    601.79     85.03       3
       31117    217.56     20.06    764.79     67.14       3
       31118    294.90      1.09   1033.75      3.65       2
       31119    434.72     45.87   1508.88    147.92       3
       31120    566.49   -999.00   1967.32   -999.00       1
       31121    714.25     69.48   2474.05    228.21       2
       31122    833.63    106.05   2872.36    344.60       3
       31123    872.28    215.54   3004.18    718.31       3
       31124    883.19    155.76   3043.04    512.26       3
       31125    730.80     93.79   2551.90    309.86       2
       31126    740.90    154.74   2596.37    525.39       2
       31127    490.33    118.19   1744.43    397.26       3
       31128    488.99    103.01   1744.54    362.51       3
       31129    378.17     64.44   1366.17    226.52       3
       31130    233.42    110.72    855.87    396.49       3
       31201    187.30     23.13    696.08     83.80       3
       31202    218.44     54.95    798.27    198.49       3
       31203    238.06     50.49    870.27    174.23       3
       31204    253.97     74.70    921.06    264.55       3
       31205    249.85     25.36    902.58     83.54       2
       31206    222.35     25.42    803.71     92.63       2
       31207    154.79     41.35    562.60    147.10       2
       31208     71.26     43.38    263.24    157.39       2
       31209     30.64     11.17    114.81     41.22       3
       31210     23.46      2.83     87.46      9.78       2
       31211     36.72     19.23    135.22     68.80       3
       31212     61.64     29.81    228.06    109.78       2
       31213     93.46     17.35    345.31     62.44       3
       31214    115.74     21.10    426.26     76.52       3
       31215     86.11     31.69    321.03    113.10       2
       31216    161.00     41.15    585.60    145.96       3
       31217    141.75     43.37    528.60    156.50       3
       31218    146.07     14.22    543.63     50.70       3
       31219    194.03      1.53    707.53      5.72       3
       31220    230.18     40.29    829.45    139.21       3
       31221    270.02     36.11    960.03    125.86       3
       31222    286.18   -999.00   1028.02   -999.00       1
       31223    430.59     17.39   1517.31     64.05       2
       31224    481.29     66.85   1670.63    215.97       2
       31225    530.30     53.74   1820.52    181.24       3
       31226    459.24     43.48   1581.89    148.58       3
       31227    345.71     36.84   1196.12    125.53       3
       31228    152.58     52.77    537.98    176.28       3
       31229    121.60     50.20    429.46    177.87       2
       31230     19.91      3.62     75.74     13.41       2
       31231     10.78   -999.00     40.52   -999.00       1
