Tue Dec  2 10:02:53 2014   calc_USAF_spotindex_Nov12.pro
SSB:1982 AREA-DEP & AREA-INDEP CONTRASTS & SDEVS: BOL EXCESS=0.324
      820101    104.55     68.34    385.49    249.40       5
      820102    135.51     45.11    500.60    164.96       3
      820103    231.88     67.48    850.42    243.25       4
      820104    290.80    157.68   1065.29    573.32       6
      820105    242.91     52.26    890.44    184.54       2
      820106    166.28    226.07    600.65    813.79       2
      820107    343.78     98.35   1238.01    344.31       5
      820108    371.95     10.46   1329.26     32.08       3
      820109    288.77     41.65   1048.03    142.18       3
      820110    293.87    184.32   1060.00    657.23       4
      820111    178.13     30.30    639.82    107.71       4
      820112    144.79     62.43    520.30    221.65       3
      820113    185.53     55.73    662.94    201.35       5
      820114    165.44     39.29    598.30    142.99       4
      820115    384.76    129.12   1375.85    457.46       6
      820116    415.35     22.10   1474.83     65.84       2
      820117    465.26     53.89   1673.15    194.38       3
      820118    572.79    139.17   2046.22    481.59       5
      820119    671.33      4.84   2389.80     20.87       2
      820120    425.26    133.08   1536.82    461.86       3
      820121    310.71     91.42   1137.10    321.70       3
      820122    356.54    182.78   1307.17    666.23       5
      820123    159.11     34.97    593.89    128.67       5
      820124    143.85      8.41    534.92     33.65       4
      820125    195.91     35.46    717.52    126.20       6
      820126    258.61     48.30    936.56    168.52       5
      820127    404.98    108.63   1452.97    379.60       5
      820128   -999.00   -999.00   -999.00   -999.00       0
      820129   -999.00   -999.00   -999.00   -999.00       0
      820130   -999.00   -999.00   -999.00   -999.00       0
      820131   -999.00   -999.00   -999.00   -999.00       0
      820201   2238.62   -999.00   7674.41   -999.00       1
      820202   1459.64    683.44   5055.48   2303.19       3
      820203   1518.30    244.80   5247.70    824.58       3
      820204    986.84    444.65   3431.93   1505.99       4
      820205   1083.63     52.66   3747.40    186.57       3
      820206   1330.01    139.09   4480.37    485.00       2
      820207   1488.24    361.76   5006.72   1176.79       3
      820208   1781.98    169.00   5969.80    572.72       2
      820209   1839.75    380.49   6163.58   1206.10       5
      820210   1863.32    103.24   6292.33    333.01       5
      820211   1745.32    334.44   5902.85   1119.15       5
      820212   1523.99    248.32   5184.91    827.18       5
      820213   1347.18    254.28   4605.46    841.22       3
      820214   1210.12    623.33   4117.43   2077.28       3
      820215    823.77    316.00   2853.45   1067.15       5
      820216    714.72    205.44   2490.70    690.12       4
      820217    871.90    160.22   3022.84    539.35       4
      820218    813.40    289.69   2818.63    986.96       5
      820219    813.49    189.68   2815.52    634.47       4
      820220    824.31    119.68   2856.33    401.06       5
      820221    585.72    215.13   2048.47    730.03       3
      820222    446.02    169.10   1584.57    571.65       5
      820223    334.06     62.39   1206.01    215.57       4
      820224    438.30    281.86   1598.01   1018.23       4
      820225    539.30    163.00   1940.53    564.45       4
      820226    660.13    154.58   2371.62    542.07       3
      820227   1155.31    608.38   4093.26   2138.44       4
      820228   1139.87    243.36   3995.55    834.25       4
      820301   1362.68      3.94   4779.38     17.00       3
      820302   1546.77    119.12   5371.58    410.92       3
      820303   1265.91    334.56   4415.84   1126.75       4
      820304   1319.71    382.50   4582.59   1278.93       5
      820305   1496.81    192.45   5159.77    637.89       3
      820306    903.93    280.13   3162.11    953.30       3
      820307    607.42    348.11   2143.48   1212.05       3
      820308    704.46    124.75   2476.84    429.79       4
      820309    436.55    112.01   1548.84    376.68       3
      820310    506.29    147.52   1792.07    509.43       5
      820311    438.78    140.95   1563.39    489.38       4
      820312    800.45    456.69   2829.51   1591.09       5
      820313    762.30    114.68   2690.28    384.81       3
      820314   1308.93    747.91   4582.82   2592.66       4
      820315   1284.39    142.25   4481.54    487.30       4
      820316   1712.85    195.52   5921.53    649.69       5
      820317   1826.96    241.15   6297.20    805.85       5
      820318   2139.77    188.19   7313.71    632.06       2
      820319   2633.48   1210.48   9032.20   4138.75       3
      820320   1467.19    179.95   5062.02    597.23       5
      820321   1147.04    195.04   3985.99    655.10       4
      820322    852.87    166.48   2995.88    558.49       3
      820323    742.61    130.94   2621.17    452.44       4
      820324    814.63    127.64   2839.43    430.71       5
      820325   1137.85    100.61   3943.15    340.29       5
      820326   1143.53    168.03   3950.35    575.64       5
      820327   1378.91    147.12   4751.14    491.77       3
      820328   1191.11    176.65   4129.22    590.13       5
      820329   1348.34    563.96   4676.58   1948.59       5
      820330   1071.70    288.18   3697.08    971.33       4
      820331    799.53    152.11   2736.17    516.34       4
      820401    514.81    306.37   1782.70   1041.56       4
      820402    544.14    348.29   1911.32   1213.85       4
      820403    337.20     86.28   1223.41    300.21       4
      820404    300.31     12.16   1099.80     42.48       3
      820405    226.60     85.42    836.84    304.52       5
      820406    339.56     88.34   1247.79    315.99       5
      820407    297.16     69.08   1098.35    247.83       4
      820408    351.22    195.61   1262.62    649.46       5
      820409    404.19    218.56   1472.29    786.94       5
      820410    567.18    100.27   2042.08    359.71       3
      820411    751.46    155.00   2684.69    537.20       5
      820412    758.60    224.62   2698.95    780.89       3
      820413   1041.94    715.40   3700.73   2518.96       4
      820414    722.69    109.95   2587.21    378.66       5
      820415    601.88    118.22   2159.49    412.92       5
      820416    639.41     68.50   2292.11    240.44       4
      820417    384.57    150.39   1380.71    542.34       5
      820418    554.83    360.56   1976.82   1275.15       5
      820419    434.99     62.56   1553.93    216.16       5
      820420    524.55     49.82   1866.95    168.36       3
      820421    465.69    145.15   1665.08    509.20       5
      820422    439.35    211.30   1577.78    746.47       4
      820423    772.57    165.43   2746.24    562.39       4
      820424   1049.40    215.65   3708.48    748.47       6
      820425   1001.84    148.97   3542.59    513.96       6
      820426    783.28    105.08   2776.73    374.84       5
      820427    648.60    122.54   2303.28    431.67       5
      820428    457.30     34.69   1634.93    117.06       3
      820429    301.91    110.29   1085.92    388.95       4
      820430    335.54     76.43   1187.84    256.85       5
      820501   -999.00   -999.00   -999.00   -999.00       0
      820502    394.91    215.48   1373.76    741.01       5
      820503    438.20    294.87   1512.96    976.25       6
      820504    306.33    131.23   1079.98    452.28       5
      820505    912.18    751.60   3151.49   2558.94       2
      820506    580.18    215.56   2007.79    713.07       4
      820507    584.75     72.56   2030.46    241.75       6
      820508    420.23    189.05   1475.80    643.52       4
      820509    404.06     45.86   1416.16    159.60       5
      820510    294.52    168.09   1037.69    574.79       4
      820511    262.63    107.31    931.76    365.41       5
      820512    281.74     22.24   1009.49     73.67       3
      820513    188.20     28.75    684.78     99.24       4
      820514    238.14     16.13    857.96     55.81       3
      820515    341.87    135.14   1236.11    486.40       5
      820516    393.51     79.81   1411.92    277.49       4
      820517    496.26    249.84   1786.31    891.33       5
      820518    434.94     51.64   1565.37    178.96       5
      820519    425.12     66.55   1536.12    230.36       4
      820520    737.16    189.01   2572.74    633.93       6
      820521    637.34    121.36   2235.32    423.90       3
      820522    824.37    421.80   2883.79   1453.90       4
      820523    541.69     38.54   1902.23    126.65       4
      820524    347.32      4.43   1242.19     15.36       2
      820525    309.54     87.12   1108.06    304.92       6
      820526    284.12    156.80   1030.42    546.48       5
      820527    345.51    116.83   1244.60    404.00       3
      820528    607.19     54.31   2137.40    182.98       2
      820529    558.63    172.59   1960.72    589.95       5
      820530    462.19    216.88   1618.58    743.27       4
      820531    294.51    183.44   1042.62    625.10       4
      820601    213.11    140.87    762.38    491.17       5
      820602    282.31    192.58   1010.09    677.27       6
      820603    355.51     71.72   1248.46    244.23       6
      820604    559.40    122.01   1921.01    405.96       3
      820605    684.02     85.48   2348.79    298.98       3
      820606    940.48    438.21   3223.69   1487.73       5
      820607    828.85    138.80   2841.09    466.11       5
      820608    869.33     88.78   2988.56    302.02       4
      820609    936.28    181.51   3226.99    607.94       4
      820610    944.41    193.91   3260.13    650.85       3
      820611   1072.05    135.52   3712.63    450.99       4
      820612    994.58    249.17   3446.12    853.00       5
      820613   1778.01    642.33   6058.33   2205.15       4
      820614   1658.12    155.91   5557.14    496.40       5
      820615   1865.31     93.12   6222.39    287.07       5
      820616   1934.29    140.13   6438.54    456.51       5
      820617   1831.01    121.05   6113.15    397.35       5
      820618   2064.02    133.83   6873.52    430.58       5
      820619   1904.78    293.25   6390.04    949.81       5
      820620   1951.81    268.07   6580.15    891.12       4
      820621   2102.26    819.77   7098.91   2744.88       5
      820622   1171.52    100.90   4015.08    332.32       5
      820623   1039.41    147.25   3562.59    479.11       4
      820624    696.01    171.36   2406.01    575.32       5
      820625    609.26    108.64   2119.01    369.97       4
      820626    191.45     76.56    689.18    270.45       4
      820627     68.20     35.64    252.43    127.13       6
      820628     61.93     12.03    232.22     43.81       4
      820629     53.48      5.08    202.39     19.33       6
      820630     59.74     26.40    227.41     98.32       4
      820701     44.28     22.46    171.57     87.16       5
      820702     18.40     10.32     73.03     41.04       4
      820703     15.84      4.43     62.91     17.98       4
      820704     34.00     16.00    129.93     59.51       5
      820705     42.34     14.44    160.64     51.44       5
      820706     64.36     18.90    240.30     67.94       5
      820707     53.63     19.12    201.30     70.07       6
      820708     83.61     24.19    306.63     86.42       6
      820709    351.78     83.92   1209.33    280.17       5
      820710    814.03    143.16   2731.42    466.10       3
      820711   1271.86    286.34   4256.82    935.35       6
      820712   2036.35    677.06   6773.11   2186.82       6
      820713   1861.12    389.15   6295.02   1284.45       5
      820714   2001.12    792.32   6738.89   2591.11       5
      820715   2625.09    231.21   8792.04    752.12       3
      820716   1963.11    401.91   6671.06   1349.92       4
      820717   2089.47    782.85   7094.96   2570.19       6
      820718   1455.85    212.02   5015.82    707.63       5
      820719    927.07     79.41   3232.85    266.98       2
      820720    564.54     88.89   2000.72    306.60       4
      820721    182.38     75.00    670.30    266.74       4
      820722     73.59     43.80    278.71    159.47       3
      820723     29.75     14.72    115.22     56.09       6
      820724     52.91     14.51    198.20     52.40       4
      820725     22.76     11.65     87.79     43.72       5
      820726     23.11     10.11     90.31     39.45       3
      820727     22.44     10.33     85.84     38.62       3
      820728     32.33   -999.00    121.31   -999.00       1
      820729     36.14      8.07    136.15     29.25       3
      820730    103.11     40.62    375.91    143.49       4
      820731    202.56     70.39    735.08    257.04       5
      820801    194.78     41.89    696.04    144.16       5
      820802    273.05     95.33    963.12    322.75       5
      820803    398.99     51.49   1389.67    175.72       4
      820804    448.53     92.55   1570.37    318.21       4
      820805   -999.00   -999.00   -999.00   -999.00       0
      820806    695.61    159.28   2430.46    546.38       4
      820807    996.14    280.53   3458.04    940.78       5
      820808   1049.36    163.85   3649.89    551.10       3
      820809    900.22    170.89   3152.17    583.81       5
      820810    778.08    144.69   2742.29    494.14       5
      820811    754.73    168.66   2684.62    578.70       6
      820812    426.13    100.46   1537.10    356.96       4
      820813    445.59    149.57   1609.34    520.80       5
      820814    482.95    103.46   1721.37    355.94       5
      820815    526.67     45.17   1849.18    157.67       4
      820816    584.89    134.64   2021.58    454.28       4
      820817    726.86    348.94   2505.54   1193.44       5
      820818    748.13      7.87   2566.20     32.91       2
      820819    507.38    159.88   1749.05    534.84       5
      820820    418.58    102.42   1459.97    336.12       5
      820821    370.26     48.85   1307.68    159.11       4
      820822    559.22     64.08   1961.59    216.32       4
      820823    731.46    141.55   2530.08    473.43       5
      820824    758.13    157.76   2616.71    527.39       4
      820825    867.53     98.72   3003.54    340.30       4
      820826   1283.35    576.38   4402.92   1930.02       2
      820827   1326.84     71.53   4535.13    239.10       3
      820828    841.49    168.86   2909.65    557.01       4
      820829    696.36     53.90   2445.06    182.66       4
      820830    522.60     92.97   1856.30    313.46       5
      820831    415.26    156.17   1483.05    532.90       4
      820901    408.12    108.63   1475.35    383.41       4
      820902    484.70    104.58   1746.72    362.57       5
      820903    499.09     17.40   1810.65     68.35       4
      820904    707.85    177.48   2529.95    608.14       4
      820905    692.84    105.04   2469.60    360.85       4
      820906    529.92     86.18   1902.32    299.24       3
      820907    530.48     41.90   1894.65    144.28       5
      820908    523.67     77.90   1873.42    267.99       5
      820909    443.42     54.69   1583.32    193.37       3
      820910    388.45     62.03   1388.62    215.61       4
      820911    473.72     55.44   1683.97    194.40       4
      820912    522.46    221.63   1862.40    789.55       5
      820913   1755.40   2682.50   5663.38   8367.55       4
      820914    357.76     21.41   1286.91     74.45       4
      820915    353.42     59.91   1278.17    212.55       4
      820916    444.00    107.34   1597.41    369.23       6
      820917    458.24     52.47   1655.73    178.11       4
      820918    421.33    132.11   1523.05    456.69       3
      820919    480.61     45.44   1720.00    164.93       5
      820920    492.62     98.76   1765.68    340.87       5
      820921    455.92    154.92   1639.27    540.45       5
      820922    374.49    194.55   1346.84    674.58       5
      820923    223.83     93.83    820.51    330.51       5
      820924    200.70     95.32    738.62    331.54       5
      820925    343.70    145.15   1236.08    504.84       4
      820926    440.38    126.75   1574.57    441.43       3
      820927    589.60     83.72   2090.84    294.24       5
      820928    688.89   -999.00   2432.71   -999.00       1
      820929   1225.35    141.37   4276.22    478.29       5
      820930   1230.77    406.37   4276.95   1372.83       3
      821001   1215.41    253.41   4213.54    850.67       4
      821002   1138.59    218.58   3931.65    723.38       5
      821003    708.34     87.40   2458.56    295.38       6
      821004    482.35     68.76   1667.36    233.03       4
      821005    290.23     76.53   1021.56    259.62       6
      821006    161.00     78.84    589.55    291.22       3
      821007     92.09     30.26    342.55    110.61       4
      821008    112.51     13.98    419.13     50.68       5
      821009    159.60     22.63    589.35     79.79       3
      821010    239.05    110.49    884.98    405.84       6
      821011    200.24     31.01    728.57    110.14       5
      821012    219.26     54.66    801.35    192.87       4
      821013    264.63     48.38    962.21    171.12       5
      821014    247.70     43.85    900.65    154.25       6
      821015    238.75     72.83    870.47    257.43       6
      821016    256.23     49.99    920.82    172.67       5
      821017    214.33     26.59    766.22     93.10       5
      821018    218.67     46.93    775.11    160.01       5
      821019    291.94    175.83   1035.58    611.57       6
      821020    259.36     51.04    922.38    172.56       4
      821021    501.07     69.19   1750.58    235.73       5
      821022    598.56     53.13   2081.23    171.86       5
      821023    854.93    501.05   2966.75   1708.60       6
      821024    703.10    143.30   2473.27    484.75       4
      821025    745.16     82.43   2640.46    280.71       5
      821026    908.78     71.85   3205.95    231.38       3
      821027    962.57    154.08   3345.91    523.75       5
      821028    817.02    265.13   2835.76    902.69       4
      821029    623.83    104.65   2176.82    349.96       4
      821030    517.92     85.40   1805.19    286.59       5
      821031    448.90     38.08   1564.02    127.43       4
      821101    220.26     75.35    788.55    260.35       5
      821102    184.32     65.09    667.11    231.10       5
      821103    149.02     32.09    550.24    119.27       5
      821104    197.42    122.36    734.94    452.71       3
      821105    125.69      7.10    473.56     22.53       3
      821106    164.19     82.87    609.88    296.59       5
      821107    212.46     55.31    785.60    203.11       6
      821108    261.72     72.92    962.42    261.80       5
      821109    276.91     31.06   1003.18    116.76       2
      821110    361.37     92.34   1296.49    322.63       5
      821111    520.81    293.84   1844.04   1034.82       4
      821112    588.63    114.25   2046.82    383.96       5
      821113    718.48    171.73   2491.97    569.09       5
      821114    861.03    131.56   2982.90    427.30       5
      821115    744.35    165.09   2582.83    559.36       6
      821116    620.60    217.88   2170.31    724.96       5
      821117    561.22    135.28   1960.83    458.77       4
      821118    532.59    120.30   1873.89    406.57       5
      821119    712.62    271.56   2458.98    899.05       4
      821120   1060.05    163.53   3606.64    528.54       4
      821121   1091.64    301.92   3707.68    987.81       4
      821122   1134.59    227.57   3870.50    745.77       4
      821123   1218.23   -999.00   4145.74   -999.00       1
      821124    670.92    178.85   2314.70    593.28       4
      821125    425.58    148.13   1494.03    500.42       3
      821126    261.19     56.01    941.36    195.52       3
      821127    249.91     46.08    894.05    160.25       3
      821128    310.85    153.26   1091.69    534.67       5
      821129    619.07    287.41   2143.38    991.57       5
      821130    566.04      7.51   1959.69     26.65       4
      821201   1070.49    746.54   3619.97   2429.20       3
      821202    696.86     64.25   2437.76    226.17       3
      821203    764.61     95.58   2690.80    327.24       4
      821204    768.11    167.39   2703.78    575.51       4
      821205    947.33    140.52   3291.20    473.98       6
      821206    921.18    184.87   3207.67    621.46       5
      821207    900.97    100.11   3136.41    337.47       5
      821208    944.05     40.61   3280.78    158.39       2
      821209    971.84     36.57   3362.44    131.54       3
      821210   1307.51    139.97   4492.19    458.98       2
      821211   1953.84    867.57   6689.78   2962.62       5
      821212   1378.95    236.54   4763.45    786.63       3
      821213   1440.80    119.65   4989.92    399.34       4
      821214   1260.43     98.97   4382.89    338.35       5
      821215   1110.01    116.64   3868.90    393.79       3
      821216    916.76    255.95   3206.68    871.38       6
      821217    842.18    122.57   2938.84    421.96       3
      821218    573.09    170.13   2012.76    585.49       3
      821219    321.37     70.44   1144.18    247.45       5
      821220    184.46     31.66    663.62    109.68       5
      821221    170.80     27.76    625.63     95.82       5
      821222    214.12     39.13    781.04    142.50       3
      821223    361.01    122.58   1272.79    415.61       4
      821224    481.74     36.80   1690.84    123.73       2
      821225    542.55   -999.00   1910.76   -999.00       1
      821226    799.06     33.52   2772.17    103.33       4
      821227    868.65     62.09   2994.46    210.95       5
      821228    585.51    233.83   2036.78    790.32       3
      821229    573.76    249.86   2003.89    861.92       6
      821230    294.64     86.57   1044.89    293.54       5
      821231    220.81     94.49    778.60    323.15       4
