Tue Dec  2 10:03:35 2014   calc_USAF_spotindex_Nov12.pro
SSB:1998 AREA-DEP & AREA-INDEP CONTRASTS & SDEVS: BOL EXCESS=0.324
      980101    156.46     24.56    565.95     86.20       4
      980102     92.01      8.73    336.11     31.80       3
      980103     45.96     12.97    168.06     44.73       4
      980104     18.44     12.66     68.82     46.93       2
      980105      2.00      1.55      7.73      5.92       4
      980106      2.90      0.69     11.70      2.79       2
      980107   -999.00   -999.00   -999.00   -999.00       0
      980108   -999.00   -999.00   -999.00   -999.00       0
      980109   -999.00   -999.00   -999.00   -999.00       0
      980110      6.38      3.07     25.39     11.74       3
      980111     15.09      9.61     59.19     37.59       4
      980112    157.26    122.89    560.67    427.22       4
      980113    104.62     20.81    381.81     73.90       3
      980114    122.06     35.87    438.30    123.98       4
      980115    175.39     44.50    618.15    149.64       3
      980116    139.48     20.64    504.78     71.01       3
      980117    105.61     13.78    387.03     48.87       3
      980118     51.14     27.45    190.83    100.35       4
      980119     20.55     13.39     80.37     52.43       3
      980120      9.57      4.36     38.68     17.61       3
      980121      3.93      0.09     15.89      0.35       2
      980122      9.24      6.71     36.90     26.34       3
      980123     25.52      9.95     97.35     36.49       4
      980124     85.41     22.57    314.94     82.99       3
      980125    387.83    433.63   1320.03   1414.75       3
      980126    182.73     22.30    658.76     76.74       4
      980127    185.65     25.56    669.64     88.14       4
      980128    293.96    242.90   1026.71    802.28       4
      980129    107.22     20.85    392.30     74.67       3
      980130     71.80     15.59    264.16     55.35       4
      980131     51.63      6.96    189.56     23.93       3
      980201     28.05     10.50    103.71     37.67       3
      980202     15.51      3.02     57.78     12.68       2
      980203     11.37      8.07     43.64     30.88       3
      980204     24.97     10.90     94.32     39.58       3
      980205     23.91      8.11     91.19     30.39       3
      980206     32.04     15.49    121.25     56.91       2
      980207     20.62      9.58     79.09     35.76       3
      980208     27.15      0.84    104.04      3.01       4
      980209     31.85      9.38    123.35     36.90       3
      980210     48.46     14.23    186.65     55.66       3
      980211     22.59     10.86     87.31     41.29       3
      980212     81.81     59.74    293.43    207.86       3
      980213    139.59     40.08    495.52    140.21       2
      980214    225.33     68.99    795.67    236.67       3
      980215    256.53     88.42    900.50    298.98       3
      980216    361.54     81.91   1261.03    275.83       4
      980217    314.36     47.71   1097.19    157.83       4
      980218    230.91     40.06    811.81    137.11       4
      980219    184.42     23.05    650.28     78.53       4
      980220    108.43     13.59    381.01     45.51       4
      980221     78.13     11.07    274.06     38.04       3
      980222     22.29     17.09     82.94     64.03       3
      980223     28.44     17.19    108.85     64.03       4
      980224     58.04     18.20    219.21     66.23       4
      980225    116.10     28.42    429.00    101.77       4
      980226    114.06     13.10    419.37     47.50       4
      980227     67.99      8.87    257.20     33.85       3
      980228     38.42     13.00    149.34     48.71       4
      980301    102.36     48.33    379.89    174.45       4
      980302    117.79     25.88    425.32     88.17       4
      980303    124.88     34.31    441.54    117.65       4
      980304    165.91     16.68    576.70     53.39       4
      980305    120.96     32.09    420.27    106.32       4
      980306     32.15     15.12    115.49     51.73       4
      980307     22.41      5.91     85.25     22.02       4
      980308     42.97     12.38    163.35     46.54       4
      980309     48.02   -999.00    181.51   -999.00       1
      980310     74.70     12.37    278.48     45.24       4
      980311    113.57     29.28    419.21    103.97       4
      980312    125.68     18.17    464.84     65.97       4
      980313    200.48     70.89    731.23    252.28       3
      980314    254.52     99.31    920.37    343.51       4
      980315    562.25     76.46   1955.38    257.73       4
      980316    597.49     61.07   2065.61    202.80       4
      980317    523.84     34.59   1807.42    113.13       4
      980318    458.89     77.10   1579.59    255.33       3
      980319    309.18     15.94   1071.41     51.78       4
      980320    215.43     45.71    750.74    157.92       4
      980321    115.68     45.79    415.72    157.35       3
      980322    116.06     50.29    419.92    171.49       4
      980323    192.39     80.65    683.72    278.51       4
      980324    404.55    123.33   1407.82    419.40       2
      980325    381.08    108.75   1325.65    366.33       3
      980326    392.64      4.24   1364.77     18.43       2
      980327    356.97     28.00   1245.26     92.51       4
      980328    307.97     38.30   1084.16    130.12       4
      980329    309.53     35.13   1088.43    123.73       4
      980330    232.96     24.77    819.08     86.61       2
      980331    252.29     43.71    881.61    145.26       4
      980401    215.27     48.46    764.86    170.91       4
      980402    146.70     37.61    532.84    132.28       4
      980403    135.44     20.10    495.07     70.25       4
      980404     75.42     18.44    283.90     66.13       4
      980405    161.75     47.28    585.87    164.85       4
      980406    232.04     76.55    827.35    266.19       4
      980407    330.51     38.20   1178.44    135.70       4
      980408    414.37     47.06   1485.16    168.22       2
      980409    402.17    109.06   1448.31    381.24       2
      980410    499.12   -999.00   1791.51   -999.00       1
      980411    341.89     53.54   1235.60    190.75       2
      980412    288.57     37.72   1043.54    138.91       4
      980413    206.15     57.04    748.03    202.37       3
      980414    132.70     58.16    488.30    207.34       3
      980415    145.54     25.48    535.04     92.85       4
      980416     48.74      6.58    182.96     24.29       4
      980417     33.36      7.22    128.90     27.39       3
      980418     30.19      9.94    113.87     36.47       3
      980419     34.48     17.60    130.26     63.48       4
      980420     42.99     10.63    158.72     38.60       3
      980421     24.23     14.30     91.62     54.05       3
      980422     28.87     10.30    105.42     36.89       4
      980423     10.70      6.44     39.88     23.13       3
      980424      2.98      1.84     12.03      7.44       4
      980425     23.52     20.92     84.66     75.30       4
      980426     38.26     14.01    137.30     49.43       4
      980427     67.09     29.16    239.62    101.37       3
      980428    125.09     32.63    444.64    114.69       4
      980429    131.99     51.25    471.44    177.61       3
      980430    180.47     56.10    642.16    194.82       4
      980501    274.95     44.45    971.87    152.89       3
      980502    367.09     36.04   1288.77    124.32       4
      980503    394.14     48.53   1382.56    165.34       4
      980504    495.85     44.59   1722.76    148.96       4
      980505    515.97     88.30   1781.27    291.00       3
      980506    353.12     46.32   1226.56    154.37       2
      980507    327.55     28.10   1139.39     89.85       3
      980508    175.03     27.78    625.32     95.38       3
      980509    161.77     36.62    579.41    127.56       2
      980510    140.23     35.15    503.16    121.60       4
      980511    173.40     46.42    624.74    161.67       4
      980512    182.01     37.75    655.78    131.52       4
      980513    204.82     63.37    736.75    218.77       4
      980514    237.06     74.26    850.75    257.08       3
      980515    214.91     65.74    774.66    229.41       4
      980516    214.19     65.02    769.36    225.11       3
      980517    191.25     61.88    689.06    216.22       3
      980518    123.89     11.25    452.30     40.09       3
      980519    107.84     39.37    395.48    137.97       4
      980520     47.80     18.39    178.10     66.60       4
      980521     24.66      3.80     92.95     13.88       2
      980522     15.27      8.08     56.98     29.31       4
      980523     16.06     11.15     61.87     41.99       4
      980524     44.85   -999.00    166.39   -999.00       1
      980525   -999.00   -999.00   -999.00   -999.00       0
      980526   -999.00   -999.00   -999.00   -999.00       0
      980527   -999.00   -999.00   -999.00   -999.00       0
      980528   -999.00   -999.00   -999.00   -999.00       0
      980529   -999.00   -999.00   -999.00   -999.00       0
      980530   -999.00   -999.00   -999.00   -999.00       0
      980531   -999.00   -999.00   -999.00   -999.00       0
      980601     96.79     23.48    356.18     83.34       4
      980602    172.99     36.63    623.63    129.22       3
      980603    205.28      8.14    737.02     29.56       3
      980604    248.94     45.78    888.61    155.76       3
      980605    289.06     52.88   1028.54    181.78       4
      980606    289.56     47.99   1032.10    164.23       4
      980607    304.35     52.22   1082.45    181.87       4
      980608    265.88     28.11    947.81     99.32       4
      980609    217.42     21.04    782.40     70.14       4
      980610    259.46     50.08    923.33    178.54       2
      980611    189.74     37.52    677.02    130.69       3
      980612    144.71     28.23    526.13    100.97       4
      980613    122.81     33.51    451.68    125.03       4
      980614    105.36     35.47    389.43    130.70       4
      980615     97.10     24.40    355.76     87.55       4
      980616    114.44     21.07    420.33     75.38       4
      980617    164.17     41.92    596.54    147.89       4
      980618    140.80     50.60    515.89    179.89       4
      980619    503.88    626.10   1687.02   2016.61       3
      980620    157.92      8.51    572.10     28.61       3
      980621    177.01      8.09    640.75     28.36       4
      980622    165.11     40.56    594.79    141.03       3
      980623     99.44     13.69    362.01     47.83       4
      980624     91.78     18.79    332.16     66.72       3
      980625    133.03     39.15    478.82    141.20       3
      980626    168.59      5.05    611.81     19.71       3
      980627    206.52     48.57    751.72    170.39       4
      980628    241.50     21.14    881.29     75.63       3
      980629    246.99     80.68    904.37    290.78       3
      980630    245.02     68.31    899.87    246.07       3
      980701    215.07     64.44    793.68    229.38       4
      980702    213.85     18.61    790.85     67.34       3
      980703    254.62     31.46    932.14    112.18       4
      980704    316.13     67.44   1147.43    238.42       4
      980705    271.63     46.45    989.02    164.75       4
      980706    247.24     41.67    898.32    142.23       3
      980707    202.44     12.78    735.98     45.93       3
      980708    162.46      8.72    590.96     29.37       3
      980709    117.93     16.76    429.98     59.65       3
      980710     85.15     13.28    314.14     47.52       2
      980711     64.07     43.66    236.66    156.44       3
      980712     67.45     31.86    251.49    115.38       3
      980713     51.62     25.08    193.20     91.01       3
      980714     59.23     15.54    222.05     56.26       3
      980715     55.20     21.92    209.83     83.56       4
      980716     87.10     25.57    329.09     94.61       4
      980717    127.95     62.28    471.26    221.91       3
      980718     65.07     19.89    244.04     71.95       4
      980719     76.15     14.97    279.09     52.05       4
      980720     70.93     12.81    264.57     47.35       3
      980721    129.89     86.00    472.33    294.82       4
      980722    113.29     27.37    415.73     98.47       4
      980723    146.60     17.63    528.29     68.51       4
      980724    261.76     33.37    924.40    118.68       4
      980725    385.47     40.39   1351.78    136.06       4
      980726    542.11     67.29   1881.18    227.58       4
      980727    535.77     56.32   1862.01    186.44       2
      980728    426.02     62.36   1506.43    211.37       4
      980729    413.84     42.16   1465.76    139.95       3
      980730    301.60      7.53   1071.33     30.49       2
      980731    225.91     19.59    805.77     71.40       3
      980801    139.09     21.03    504.26     74.79       3
      980802     93.53     32.43    348.53    121.78       4
      980803     76.74     46.29    286.24    165.35       4
      980804    133.20     46.86    491.07    166.24       4
      980805    152.46     20.89    546.10     72.90       4
      980806    267.42     64.12    941.62    219.34       4
      980807    363.48     57.16   1275.49    194.17       3
      980808    449.50     61.97   1568.21    213.85       4
      980809    666.21    104.74   2312.41    358.50       4
      980810    749.03    153.78   2601.59    520.82       4
      980811    749.17    121.87   2620.90    415.06       4
      980812    773.06    136.89   2699.46    464.40       4
      980813    701.74     14.77   2454.48     52.08       4
      980814    623.15     84.53   2180.07    286.97       4
      980815    570.78     71.63   2000.56    247.45       4
      980816    493.95    106.37   1740.91    364.95       4
      980817    308.69     41.60   1103.23    146.90       4
      980818    245.54     56.26    883.03    195.26       4
      980819    228.09    140.83    818.10    484.22       4
      980820    180.25     28.07    655.84    100.13       4
      980821    270.92     58.20    967.73    197.61       4
      980822    345.88     61.96   1224.23    207.27       4
      980823    347.19     82.93   1233.94    278.22       4
      980824    315.85     38.95   1127.72    134.60       4
      980825    353.81     89.48   1259.76    308.19       4
      980826    280.96     84.93   1011.61    298.01       4
      980827    196.48     37.56    721.13    135.73       4
      980828    261.71    107.96    945.90    380.89       2
      980829    287.37    105.75   1027.10    362.54       4
      980830    537.81    199.79   1867.47    668.91       4
      980831    621.59     55.78   2131.26    185.74       4
      980901    723.58     44.25   2448.98    145.81       4
      980902    867.48     46.51   2909.88    149.84       4
      980903    892.62     84.03   2978.45    269.40       4
      980904    893.43    113.29   2986.94    366.08       3
      980905    996.24    484.28   3370.16   1635.37       3
      980906    694.87    132.29   2376.44    451.49       4
      980907    542.69    161.11   1887.01    545.10       3
      980908    563.61     73.28   1990.99    257.65       4
      980909    378.36     43.26   1361.70    148.95       4
      980910    318.85     24.43   1157.49     85.01       3
      980911    357.26    142.41   1290.35    492.52       4
      980912    363.41    146.09   1306.39    508.41       4
      980913    292.07     42.97   1056.92    152.01       4
      980914    179.24     35.12    655.13    125.38       4
      980915    241.61    239.13    849.13    806.03       4
      980916     80.45     19.67    298.19     71.07       4
      980917     81.49     16.71    302.34     61.03       4
      980918    155.94     64.05    565.82    226.33       4
      980919    267.55     94.49    964.24    329.39       4
      980920    336.38     59.10   1205.91    200.18       4
      980921    484.43    191.27   1721.24    662.64       3
      980922    404.21     58.00   1456.41    207.99       3
      980923    460.91    228.12   1642.77    768.77       2
      980924    503.82     92.08   1784.72    315.31       4
      980925    379.71     31.21   1358.76     98.70       2
      980926    328.42     31.03   1178.42    110.52       4
      980927    203.82     55.18    736.38    196.63       4
      980928    128.44     28.71    468.27    102.72       4
      980929     45.09     13.64    167.96     50.38       4
      980930     27.69     21.79    105.68     80.40       4
      981001     13.96      2.28     53.00      8.18       2
      981002     40.81     15.11    148.16     53.28       3
      981003     60.41      0.47    216.94      3.25       2
      981004    104.19     34.78    368.10    119.72       3
      981005    123.43     45.23    439.04    156.46       3
      981006    186.10     38.26    664.90    132.61       3
      981007    215.70     71.19    776.99    251.73       3
      981008    228.26     65.79    825.26    221.92       3
      981009    181.17     46.97    665.24    167.51       3
      981010    164.76     32.09    601.99    112.69       3
      981011     96.90     11.76    358.32     41.82       3
      981012    105.03     57.62    380.09    198.93       3
      981013    108.39     41.29    400.69    149.82       4
      981014    172.67     47.90    635.03    171.15       4
      981015    231.76     35.83    838.32    124.46       4
      981016    263.10     38.22    945.50    131.07       3
      981017    288.94     67.07   1036.86    234.87       4
      981018    240.22     90.69    869.85    320.42       4
      981019    139.42     38.32    513.68    134.79       3
      981020     40.55      5.94    156.09     25.98       2
      981021    103.08     11.84    387.43     39.13       2
      981022    183.25      1.37    656.46      0.22       2
      981023    118.79     13.91    426.22     47.76       3
      981024     42.02     25.25    155.42     90.59       4
      981025    146.74    238.68    525.50    849.93       3
      981026     22.37      5.47     83.86     19.21       3
      981027     20.78      7.09     78.66     25.89       3
      981028     56.44     25.88    209.63     92.32       3
      981029     67.45     19.23    253.29     70.13       4
      981030     99.54     31.16    368.67    112.59       4
      981031    117.09     23.21    428.41     81.32       4
      981101    135.57     24.56    484.76     84.49       3
      981102    175.01     69.47    620.35    238.27       4
      981103    224.07     63.05    795.20    221.33       4
      981104    286.28    128.28   1025.08    447.89       3
      981105    309.18     67.08   1106.59    230.03       3
      981106    366.99     51.16   1308.98    175.62       3
      981107    319.10     72.14   1150.11    251.96       3
      981108    418.94    160.77   1475.14    532.40       3
      981109    320.87     99.70   1136.93    338.42       4
      981110    239.64     24.10    860.81     85.01       3
      981111    298.04     23.36   1059.40     80.60       2
      981112    304.79     39.99   1085.41    132.58       2
      981113    342.13     16.28   1212.49     51.17       3
      981114    411.40     42.87   1455.42    148.36       3
      981115    352.38   -999.00   1248.57   -999.00       1
      981116   -999.00   -999.00   -999.00   -999.00       0
      981117   -999.00   -999.00   -999.00   -999.00       0
      981118   -999.00   -999.00   -999.00   -999.00       0
      981119   -999.00   -999.00   -999.00   -999.00       0
      981120   -999.00   -999.00   -999.00   -999.00       0
      981121   -999.00   -999.00   -999.00   -999.00       0
      981122     62.21   -999.00    227.06   -999.00       1
      981123     86.41     22.06    320.45     82.30       2
      981124    119.18     12.78    434.82     44.39       4
      981125    212.57     39.66    757.82    133.76       4
      981126    269.00     19.48    953.34     72.13       3
      981127    335.05     74.82   1182.06    255.78       4
      981128    389.47     24.40   1366.95     83.46       3
      981129    438.09    106.61   1534.74    359.44       3
      981130    465.35    218.80   1645.85    771.62       3
      981201    519.16    150.28   1842.71    504.42       4
      981202    398.24     28.47   1428.71     91.71       2
      981203    390.79     11.60   1402.17     37.65       2
      981204    434.98     85.82   1551.70    297.50       3
      981205    473.67     81.76   1689.08    287.84       2
      981206    420.52     63.79   1513.50    229.86       2
      981207    368.91     10.17   1335.44     33.41       2
      981208    425.21    119.62   1534.34    419.94       3
      981209    331.17     71.66   1197.33    254.83       3
      981210    296.10     31.80   1069.77    113.37       4
      981211    279.21     80.26   1008.10    276.83       4
      981212    238.19     13.75    866.14     44.69       3
      981213    279.94     12.13   1015.06     43.36       4
      981214    378.07     85.22   1356.30    292.73       4
      981215    336.67     73.08   1207.96    256.84       4
      981216    257.99     56.23    932.32    200.07       3
      981217    145.41     49.65    528.05    174.93       4
      981218    111.12      8.25    405.77     29.53       4
      981219    109.97     44.35    394.17    153.86       3
      981220     81.71     28.69    298.07    102.85       4
      981221     80.69     13.11    295.74     45.61       3
      981222     74.06     14.86    273.01     53.00       4
      981223     62.50     34.20    234.92    122.95       3
      981224     63.95     18.23    241.82     67.91       3
      981225     92.81     21.37    344.13     75.45       3
      981226    181.66     84.08    660.00    290.30       4
      981227    368.14     91.55   1310.93    314.79       4
      981228    552.67    195.43   1938.53    661.99       4
      981229   1063.37    958.56   3543.69   3034.77       4
      981230    499.55    161.53   1743.48    540.87       3
      981231    454.94      9.07   1579.52     34.81       2
