Tue Dec  2 10:03:55 2014   calc_USAF_spotindex_Nov12.pro
SSB:2009 AREA-DEP & AREA-INDEP CONTRASTS & SDEVS: BOL EXCESS=0.324
       90101   -999.00   -999.00   -999.00   -999.00       0
       90102   -999.00   -999.00   -999.00   -999.00       0
       90103   -999.00   -999.00   -999.00   -999.00       0
       90104   -999.00   -999.00   -999.00   -999.00       0
       90105   -999.00   -999.00   -999.00   -999.00       0
       90106      2.89   -999.00     11.68   -999.00       1
       90107      4.95   -999.00     19.44   -999.00       1
       90108   -999.00   -999.00   -999.00   -999.00       0
       90109      7.86      6.57     30.64     24.92       2
       90110     14.79      8.84     56.88     33.06       2
       90111     25.83      8.31     97.79     30.28       3
       90112     11.24      5.73     43.95     21.61       3
       90113      5.34   -999.00     21.56   -999.00       1
       90114   -999.00   -999.00   -999.00   -999.00       0
       90115   -999.00   -999.00   -999.00   -999.00       0
       90116   -999.00   -999.00   -999.00   -999.00       0
       90117   -999.00   -999.00   -999.00   -999.00       0
       90118     12.22   -999.00     47.94   -999.00       1
       90119     11.91      0.13     46.73      0.49       2
       90120   -999.00   -999.00   -999.00   -999.00       0
       90121   -999.00   -999.00   -999.00   -999.00       0
       90122   -999.00   -999.00   -999.00   -999.00       0
       90123   -999.00   -999.00   -999.00   -999.00       0
       90124   -999.00   -999.00   -999.00   -999.00       0
       90125   -999.00   -999.00   -999.00   -999.00       0
       90126   -999.00   -999.00   -999.00   -999.00       0
       90127      3.89   -999.00     15.71   -999.00       1
       90128   -999.00   -999.00   -999.00   -999.00       0
       90129   -999.00   -999.00   -999.00   -999.00       0
       90130   -999.00   -999.00   -999.00   -999.00       0
       90131   -999.00   -999.00   -999.00   -999.00       0
       90201   -999.00   -999.00   -999.00   -999.00       0
       90202   -999.00   -999.00   -999.00   -999.00       0
       90203   -999.00   -999.00   -999.00   -999.00       0
       90204   -999.00   -999.00   -999.00   -999.00       0
       90205   -999.00   -999.00   -999.00   -999.00       0
       90206   -999.00   -999.00   -999.00   -999.00       0
       90207   -999.00   -999.00   -999.00   -999.00       0
       90208   -999.00   -999.00   -999.00   -999.00       0
       90209   -999.00   -999.00   -999.00   -999.00       0
       90210   -999.00   -999.00   -999.00   -999.00       0
       90211      2.97      0.26     11.58      1.14       2
       90212      4.30      0.77     17.01      2.81       3
       90213      4.10      0.83     16.56      3.36       2
       90214   -999.00   -999.00   -999.00   -999.00       0
       90215   -999.00   -999.00   -999.00   -999.00       0
       90216   -999.00   -999.00   -999.00   -999.00       0
       90217   -999.00   -999.00   -999.00   -999.00       0
       90218   -999.00   -999.00   -999.00   -999.00       0
       90219   -999.00   -999.00   -999.00   -999.00       0
       90220   -999.00   -999.00   -999.00   -999.00       0
       90221   -999.00   -999.00   -999.00   -999.00       0
       90222   -999.00   -999.00   -999.00   -999.00       0
       90223   -999.00   -999.00   -999.00   -999.00       0
       90224      6.03      2.75     23.89     10.44       2
       90225      5.92      2.65     23.58     10.11       3
       90226      4.62   -999.00     18.66   -999.00       1
       90227   -999.00   -999.00   -999.00   -999.00       0
       90228   -999.00   -999.00   -999.00   -999.00       0
       90301   -999.00   -999.00   -999.00   -999.00       0
       90302   -999.00   -999.00   -999.00   -999.00       0
       90303   -999.00   -999.00   -999.00   -999.00       0
       90304   -999.00   -999.00   -999.00   -999.00       0
       90305   -999.00   -999.00   -999.00   -999.00       0
       90306     12.56      0.14     49.29      0.55       2
       90307     12.61   -999.00     49.48   -999.00       1
       90308   -999.00   -999.00   -999.00   -999.00       0
       90309   -999.00   -999.00   -999.00   -999.00       0
       90310   -999.00   -999.00   -999.00   -999.00       0
       90311   -999.00   -999.00   -999.00   -999.00       0
       90312   -999.00   -999.00   -999.00   -999.00       0
       90313   -999.00   -999.00   -999.00   -999.00       0
       90314   -999.00   -999.00   -999.00   -999.00       0
       90315   -999.00   -999.00   -999.00   -999.00       0
       90316   -999.00   -999.00   -999.00   -999.00       0
       90317      4.18   -999.00     16.87   -999.00       1
       90318   -999.00   -999.00   -999.00   -999.00       0
       90319   -999.00   -999.00   -999.00   -999.00       0
       90320   -999.00   -999.00   -999.00   -999.00       0
       90321   -999.00   -999.00   -999.00   -999.00       0
       90322   -999.00   -999.00   -999.00   -999.00       0
       90323      3.33   -999.00     13.44   -999.00       1
       90324   -999.00   -999.00   -999.00   -999.00       0
       90325   -999.00   -999.00   -999.00   -999.00       0
       90326      4.86   -999.00     19.63   -999.00       1
       90327   -999.00   -999.00   -999.00   -999.00       0
       90328   -999.00   -999.00   -999.00   -999.00       0
       90329   -999.00   -999.00   -999.00   -999.00       0
       90330   -999.00   -999.00   -999.00   -999.00       0
       90331   -999.00   -999.00   -999.00   -999.00       0
       90401   -999.00   -999.00   -999.00   -999.00       0
       90402   -999.00   -999.00   -999.00   -999.00       0
       90403   -999.00   -999.00   -999.00   -999.00       0
       90404   -999.00   -999.00   -999.00   -999.00       0
       90405   -999.00   -999.00   -999.00   -999.00       0
       90406   -999.00   -999.00   -999.00   -999.00       0
       90407   -999.00   -999.00   -999.00   -999.00       0
       90408   -999.00   -999.00   -999.00   -999.00       0
       90409   -999.00   -999.00   -999.00   -999.00       0
       90410   -999.00   -999.00   -999.00   -999.00       0
       90411   -999.00   -999.00   -999.00   -999.00       0
       90412   -999.00   -999.00   -999.00   -999.00       0
       90413   -999.00   -999.00   -999.00   -999.00       0
       90414   -999.00   -999.00   -999.00   -999.00       0
       90415   -999.00   -999.00   -999.00   -999.00       0
       90416   -999.00   -999.00   -999.00   -999.00       0
       90417   -999.00   -999.00   -999.00   -999.00       0
       90418   -999.00   -999.00   -999.00   -999.00       0
       90419   -999.00   -999.00   -999.00   -999.00       0
       90420   -999.00   -999.00   -999.00   -999.00       0
       90421      3.05      1.72     12.08      6.59       2
       90422      3.41   -999.00     13.16   -999.00       1
       90423   -999.00   -999.00   -999.00   -999.00       0
       90424   -999.00   -999.00   -999.00   -999.00       0
       90425   -999.00   -999.00   -999.00   -999.00       0
       90426   -999.00   -999.00   -999.00   -999.00       0
       90427   -999.00   -999.00   -999.00   -999.00       0
       90428   -999.00   -999.00   -999.00   -999.00       0
       90429      4.26   -999.00     16.70   -999.00       1
       90430      2.20      1.85      8.57      7.04       2
       90501   -999.00   -999.00   -999.00   -999.00       0
       90502   -999.00   -999.00   -999.00   -999.00       0
       90503   -999.00   -999.00   -999.00   -999.00       0
       90504   -999.00   -999.00   -999.00   -999.00       0
       90505   -999.00   -999.00   -999.00   -999.00       0
       90506   -999.00   -999.00   -999.00   -999.00       0
       90507   -999.00   -999.00   -999.00   -999.00       0
       90508   -999.00   -999.00   -999.00   -999.00       0
       90509   -999.00   -999.00   -999.00   -999.00       0
       90510   -999.00   -999.00   -999.00   -999.00       0
       90511   -999.00   -999.00   -999.00   -999.00       0
       90512   -999.00   -999.00   -999.00   -999.00       0
       90513      4.05      0.17     16.37      0.70       3
       90514      7.41      3.74     29.34     14.29       2
       90515      5.43   -999.00     21.94   -999.00       1
       90516     11.56      8.59     45.12     32.44       2
       90517      5.30      0.15     21.43      0.61       2
       90518     14.66      0.97     56.57      3.76       3
       90519     11.87   -999.00     45.80   -999.00       1
       90520   -999.00   -999.00   -999.00   -999.00       0
       90521   -999.00   -999.00   -999.00   -999.00       0
       90522   -999.00   -999.00   -999.00   -999.00       0
       90523      8.15      0.50     31.44      1.92       2
       90524   -999.00   -999.00   -999.00   -999.00       0
       90525   -999.00   -999.00   -999.00   -999.00       0
       90526   -999.00   -999.00   -999.00   -999.00       0
       90527   -999.00   -999.00   -999.00   -999.00       0
       90528   -999.00   -999.00   -999.00   -999.00       0
       90529   -999.00   -999.00   -999.00   -999.00       0
       90530   -999.00   -999.00   -999.00   -999.00       0
       90531      8.72      2.96     34.23     11.21       3
       90601     29.35     10.49    109.09     37.59       3
       90602     28.41      4.98    106.58     17.69       2
       90603     23.06     12.31     87.39     44.74       3
       90604     20.47      3.06     78.32     11.24       3
       90605     15.78   -999.00     60.88   -999.00       1
       90606   -999.00   -999.00   -999.00   -999.00       0
       90607   -999.00   -999.00   -999.00   -999.00       0
       90608     10.65      0.20     41.80      0.77       2
       90609     11.01   -999.00     43.19   -999.00       1
       90610   -999.00   -999.00   -999.00   -999.00       0
       90611   -999.00   -999.00   -999.00   -999.00       0
       90612     11.35   -999.00     43.79   -999.00       1
       90613   -999.00   -999.00   -999.00   -999.00       0
       90614   -999.00   -999.00   -999.00   -999.00       0
       90615   -999.00   -999.00   -999.00   -999.00       0
       90616      2.13   -999.00      8.62   -999.00       1
       90617      8.43      9.64     31.45     34.87       3
       90618   -999.00   -999.00   -999.00   -999.00       0
       90619   -999.00   -999.00   -999.00   -999.00       0
       90620   -999.00   -999.00   -999.00   -999.00       0
       90621      6.43      2.38     25.64      9.03       3
       90622     18.73      9.04     72.19     33.68       3
       90623     14.16      0.38     54.65      1.45       2
       90624     21.79      0.28     83.10      1.06       3
       90625      5.27   -999.00     21.29   -999.00       1
       90626   -999.00   -999.00   -999.00   -999.00       0
       90627   -999.00   -999.00   -999.00   -999.00       0
       90628   -999.00   -999.00   -999.00   -999.00       0
       90629   -999.00   -999.00   -999.00   -999.00       0
       90630   -999.00   -999.00   -999.00   -999.00       0
       90701   -999.00   -999.00   -999.00   -999.00       0
       90702   -999.00   -999.00   -999.00   -999.00       0
       90703     30.82   -999.00    115.66   -999.00       1
       90704     51.49     22.79    189.19     80.74       3
       90705     81.31     19.02    294.18     66.45       3
       90706     85.70     19.52    308.85     68.32       3
       90707     79.37     11.66    285.32     40.86       3
       90708     66.04     37.88    236.12    132.19       3
       90709     52.91     26.85    187.85     92.94       3
       90710      9.01      3.67     33.25     13.28       3
       90711   -999.00   -999.00   -999.00   -999.00       0
       90712   -999.00   -999.00   -999.00   -999.00       0
       90713   -999.00   -999.00   -999.00   -999.00       0
       90714   -999.00   -999.00   -999.00   -999.00       0
       90715   -999.00   -999.00   -999.00   -999.00       0
       90716   -999.00   -999.00   -999.00   -999.00       0
       90717   -999.00   -999.00   -999.00   -999.00       0
       90718   -999.00   -999.00   -999.00   -999.00       0
       90719   -999.00   -999.00   -999.00   -999.00       0
       90720   -999.00   -999.00   -999.00   -999.00       0
       90721   -999.00   -999.00   -999.00   -999.00       0
       90722   -999.00   -999.00   -999.00   -999.00       0
       90723   -999.00   -999.00   -999.00   -999.00       0
       90724   -999.00   -999.00   -999.00   -999.00       0
       90725   -999.00   -999.00   -999.00   -999.00       0
       90726   -999.00   -999.00   -999.00   -999.00       0
       90727   -999.00   -999.00   -999.00   -999.00       0
       90728   -999.00   -999.00   -999.00   -999.00       0
       90729   -999.00   -999.00   -999.00   -999.00       0
       90730   -999.00   -999.00   -999.00   -999.00       0
       90731   -999.00   -999.00   -999.00   -999.00       0
       90801   -999.00   -999.00   -999.00   -999.00       0
       90802   -999.00   -999.00   -999.00   -999.00       0
       90803   -999.00   -999.00   -999.00   -999.00       0
       90804   -999.00   -999.00   -999.00   -999.00       0
       90805   -999.00   -999.00   -999.00   -999.00       0
       90806   -999.00   -999.00   -999.00   -999.00       0
       90807   -999.00   -999.00   -999.00   -999.00       0
       90808   -999.00   -999.00   -999.00   -999.00       0
       90809   -999.00   -999.00   -999.00   -999.00       0
       90810   -999.00   -999.00   -999.00   -999.00       0
       90811   -999.00   -999.00   -999.00   -999.00       0
       90812   -999.00   -999.00   -999.00   -999.00       0
       90813   -999.00   -999.00   -999.00   -999.00       0
       90814   -999.00   -999.00   -999.00   -999.00       0
       90815   -999.00   -999.00   -999.00   -999.00       0
       90816   -999.00   -999.00   -999.00   -999.00       0
       90817   -999.00   -999.00   -999.00   -999.00       0
       90818   -999.00   -999.00   -999.00   -999.00       0
       90819   -999.00   -999.00   -999.00   -999.00       0
       90820   -999.00   -999.00   -999.00   -999.00       0
       90821   -999.00   -999.00   -999.00   -999.00       0
       90822   -999.00   -999.00   -999.00   -999.00       0
       90823   -999.00   -999.00   -999.00   -999.00       0
       90824   -999.00   -999.00   -999.00   -999.00       0
       90825   -999.00   -999.00   -999.00   -999.00       0
       90826   -999.00   -999.00   -999.00   -999.00       0
       90827   -999.00   -999.00   -999.00   -999.00       0
       90828   -999.00   -999.00   -999.00   -999.00       0
       90829   -999.00   -999.00   -999.00   -999.00       0
       90830   -999.00   -999.00   -999.00   -999.00       0
       90831   -999.00   -999.00   -999.00   -999.00       0
       90901      6.98      3.06     27.79     11.66       3
       90902   -999.00   -999.00   -999.00   -999.00       0
       90903   -999.00   -999.00   -999.00   -999.00       0
       90904   -999.00   -999.00   -999.00   -999.00       0
       90905   -999.00   -999.00   -999.00   -999.00       0
       90906   -999.00   -999.00   -999.00   -999.00       0
       90907   -999.00   -999.00   -999.00   -999.00       0
       90908   -999.00   -999.00   -999.00   -999.00       0
       90909   -999.00   -999.00   -999.00   -999.00       0
       90910   -999.00   -999.00   -999.00   -999.00       0
       90911   -999.00   -999.00   -999.00   -999.00       0
       90912   -999.00   -999.00   -999.00   -999.00       0
       90913   -999.00   -999.00   -999.00   -999.00       0
       90914   -999.00   -999.00   -999.00   -999.00       0
       90915   -999.00   -999.00   -999.00   -999.00       0
       90916   -999.00   -999.00   -999.00   -999.00       0
       90917   -999.00   -999.00   -999.00   -999.00       0
       90918      6.70   -999.00     26.29   -999.00       1
       90919   -999.00   -999.00   -999.00   -999.00       0
       90920   -999.00   -999.00   -999.00   -999.00       0
       90921      3.82   -999.00     14.72   -999.00       1
       90922     10.64     10.69     40.69     40.84       3
       90923     64.21     25.43    236.80     89.98       3
       90924     88.40     59.96    324.10    212.81       2
       90925     46.28     34.06    173.33    122.53       3
       90926     42.95     36.92    159.03    132.97       2
       90927     10.10      5.58     39.47     21.09       3
       90928     23.55      3.27     88.56     12.04       3
       90929     24.13     24.44     88.36     86.87       3
       90930      1.49      0.20      5.96      0.71       3
       91001      2.00   -999.00      7.73   -999.00       1
       91002   -999.00   -999.00   -999.00   -999.00       0
       91003   -999.00   -999.00   -999.00   -999.00       0
       91004   -999.00   -999.00   -999.00   -999.00       0
       91005   -999.00   -999.00   -999.00   -999.00       0
       91006   -999.00   -999.00   -999.00   -999.00       0
       91007   -999.00   -999.00   -999.00   -999.00       0
       91008   -999.00   -999.00   -999.00   -999.00       0
       91009   -999.00   -999.00   -999.00   -999.00       0
       91010   -999.00   -999.00   -999.00   -999.00       0
       91011     12.10   -999.00     47.48   -999.00       1
       91012   -999.00   -999.00   -999.00   -999.00       0
       91013   -999.00   -999.00   -999.00   -999.00       0
       91014   -999.00   -999.00   -999.00   -999.00       0
       91015   -999.00   -999.00   -999.00   -999.00       0
       91016      2.11   -999.00      8.51   -999.00       1
       91017      4.40   -999.00     17.28   -999.00       1
       91018   -999.00   -999.00   -999.00   -999.00       0
       91019   -999.00   -999.00   -999.00   -999.00       0
       91020      5.27      3.97     20.38     14.75       2
       91021   -999.00   -999.00   -999.00   -999.00       0
       91022   -999.00   -999.00   -999.00   -999.00       0
       91023     31.75      3.95    120.58     12.75       2
       91024     77.42     15.01    282.92     52.85       3
       91025    135.61     93.96    483.08    322.96       3
       91026    115.99     36.17    415.46    125.33       3
       91027    129.37     19.52    458.19     66.89       3
       91028    124.75     48.20    437.66    165.58       2
       91029     71.54     17.61    250.91     60.44       3
       91030     30.73      7.20    107.69     25.09       3
       91031   -999.00   -999.00   -999.00   -999.00       0
       91101   -999.00   -999.00   -999.00   -999.00       0
       91102   -999.00   -999.00   -999.00   -999.00       0
       91103   -999.00   -999.00   -999.00   -999.00       0
       91104   -999.00   -999.00   -999.00   -999.00       0
       91105     29.29   -999.00    110.72   -999.00       1
       91106      5.56      0.04     22.48      0.17       2
       91107      5.16   -999.00     20.84   -999.00       1
       91108   -999.00   -999.00   -999.00   -999.00       0
       91109      7.41      5.74     28.91     21.72       2
       91110      9.84      8.17     37.48     30.46       2
       91111      1.50      1.19      5.97      4.62       3
       91112      0.50   -999.00      2.03   -999.00       1
       91113   -999.00   -999.00   -999.00   -999.00       0
       91114      4.10   -999.00     16.11   -999.00       1
       91115      4.23      0.36     17.10      1.46       3
       91116      4.86      0.13     19.64      0.54       3
       91117      3.61   -999.00     14.59   -999.00       1
       91118     11.04     11.72     43.22     45.37       2
       91119     49.21     29.75    186.81    108.72       2
       91120      9.75   -999.00     39.38   -999.00       1
       91121     20.24      4.76     77.58     17.62       2
       91122     18.04   -999.00     69.61   -999.00       1
       91123   -999.00   -999.00   -999.00   -999.00       0
       91124   -999.00   -999.00   -999.00   -999.00       0
       91125   -999.00   -999.00   -999.00   -999.00       0
       91126   -999.00   -999.00   -999.00   -999.00       0
       91127   -999.00   -999.00   -999.00   -999.00       0
       91128   -999.00   -999.00   -999.00   -999.00       0
       91129   -999.00   -999.00   -999.00   -999.00       0
       91130   -999.00   -999.00   -999.00   -999.00       0
       91201   -999.00   -999.00   -999.00   -999.00       0
       91202   -999.00   -999.00   -999.00   -999.00       0
       91203   -999.00   -999.00   -999.00   -999.00       0
       91204   -999.00   -999.00   -999.00   -999.00       0
       91205   -999.00   -999.00   -999.00   -999.00       0
       91206   -999.00   -999.00   -999.00   -999.00       0
       91207   -999.00   -999.00   -999.00   -999.00       0
       91208   -999.00   -999.00   -999.00   -999.00       0
       91209      2.84   -999.00     10.95   -999.00       1
       91210      3.54      0.36     13.81      1.35       3
       91211      4.98      3.35     19.45     12.58       2
       91212     10.31      4.56     40.01     17.29       2
       91213     15.47      6.20     59.59     23.12       3
       91214     20.04   -999.00     78.65   -999.00       1
       91215     67.54     29.05    248.72    102.52       2
       91216     69.52      3.79    252.71     13.26       2
       91217    105.06     25.13    374.62     87.17       3
       91218     93.18     55.09    329.81    191.23       3
       91219     64.03     42.56    229.44    146.32       3
       91220     84.07     21.07    301.75     70.20       3
       91221     41.85      2.28    157.59      8.15       2
       91222      8.02   -999.00     31.37   -999.00       1
       91223     10.53      2.82     40.82      9.99       2
       91224      3.84   -999.00     14.82   -999.00       1
       91225   -999.00   -999.00   -999.00   -999.00       0
       91226     12.32   -999.00     47.01   -999.00       1
       91227     34.14     32.80    125.49    117.70       2
       91228     42.94      9.69    158.73     34.78       3
       91229     42.38      6.07    157.60     22.01       2
       91230     31.05      4.57    117.03     16.70       3
       91231     71.31     19.80    259.64     69.19       3
