Tue Dec  2 10:03:26 2014   calc_USAF_spotindex_Nov12.pro
SSB:1992 AREA-DEP & AREA-INDEP CONTRASTS & SDEVS: BOL EXCESS=0.324
      920101    201.79     64.47    715.78    223.97       7
      920102    396.52     99.92   1392.29    344.16       7
      920103    665.34    244.20   2325.40    836.67       5
      920104   1062.70    157.96   3688.30    521.38       6
      920105   1243.70    106.21   4315.54    351.93       5
      920106   1429.13    108.15   4942.97    357.35       5
      920107   1460.64    163.49   5077.30    547.40       5
      920108   1522.57    134.44   5311.94    453.07       4
      920109   1148.81    159.83   4035.50    541.02       4
      920110   1291.85    714.28   4462.90   2314.60       4
      920111    600.42    207.65   2142.76    725.63       5
      920112    369.32     95.91   1333.34    338.72       4
      920113    320.84     29.15   1157.39     99.98       5
      920114    274.63     41.83    989.21    144.97       6
      920115    276.17     52.40    987.64    182.32       6
      920116    263.26     42.71    946.84    143.64       2
      920117    263.11     33.92    942.66    118.58       5
      920118    213.25     25.27    771.29     85.29       6
      920119    262.07     52.19    947.85    181.93       5
      920120    287.47     67.77   1035.59    240.24       6
      920121    313.98     79.38   1136.13    276.75       6
      920122    377.79     59.80   1360.09    207.09       7
      920123    385.96     72.43   1391.56    255.72       6
      920124    389.17     60.29   1397.94    212.31       5
      920125    425.54     30.17   1529.51    105.97       6
      920126    542.94     96.63   1931.80    336.32       6
      920127    910.53    180.54   3192.57    612.28       7
      920128   1031.24    186.85   3604.65    624.83       6
      920129   1283.25    139.54   4475.45    480.69       6
      920130   1667.52    495.78   5798.09   1711.69       7
      920131   1618.11    116.32   5625.91    392.31       6
      920201   1415.62    104.09   4950.26    359.07       6
      920202   1250.23    130.23   4369.66    433.28       5
      920203   1203.38    245.87   4187.49    826.67       6
      920204   1077.25    169.83   3748.15    577.24       6
      920205    873.70    155.75   3038.68    530.33       7
      920206    779.30     84.48   2712.07    287.62       6
      920207    714.08    148.67   2483.03    502.93       5
      920208    577.37     63.26   2044.38    213.97       5
      920209    696.61    187.12   2473.03    638.42       6
      920210    896.50    128.17   3153.01    436.63       6
      920211   1024.29     92.45   3586.01    311.56       5
      920212    946.18     56.76   3302.68    194.73       6
      920213    901.32     32.70   3140.71    107.73       4
      920214    796.54     87.43   2771.34    284.38       5
      920215    813.37     80.71   2811.57    268.23       6
      920216    743.83     82.92   2571.87    286.20       6
      920217    613.71    130.30   2115.20    436.13       6
      920218    399.19    105.42   1386.68    355.81       6
      920219    299.77     28.67   1056.62     90.23       5
      920220    307.21    115.81   1087.11    404.38       4
      920221    434.25    117.57   1534.28    407.33       5
      920222    656.37    146.24   2297.72    505.59       6
      920223   1059.34    158.21   3678.26    531.27       5
      920224   1240.61    270.33   4315.61    908.90       5
      920225   1420.78     31.18   4949.24    103.30       5
      920226   1432.68    164.34   4994.86    553.91       6
      920227   1234.06     94.04   4332.09    326.29       6
      920228    911.87    167.05   3234.03    569.33       6
      920229    670.70    189.73   2391.08    650.50       6
      920301    543.19    102.47   1939.32    354.85       4
      920302    266.95     77.52    976.15    289.80       6
      920303    128.28     36.17    478.90    129.56       4
      920304    100.41      4.47    379.12     17.85       4
      920305     76.33     13.44    291.00     49.25       5
      920306     91.07     14.13    342.73     52.75       6
      920307     98.18     36.31    367.34    133.60       5
      920308    175.87     41.44    653.90    150.90       5
      920309    274.75     29.80   1014.39    106.39       6
      920310    219.39     33.24    817.98    119.04       7
      920311    211.43     33.63    789.60    122.40       7
      920312    251.92     51.89    933.62    188.77       7
      920313    358.26     96.79   1308.04    340.67       7
      920314    372.41     88.92   1350.62    312.50       7
      920315    372.23     45.53   1346.39    157.07       6
      920316    300.15     36.81   1094.05    126.71       6
      920317    232.78     29.24    850.96    104.53       5
      920318    332.45    329.39   1153.98   1049.53       7
      920319    213.65     34.76    777.47    122.15       7
      920320    282.12     61.25   1012.54    210.83       7
      920321    324.00     71.54   1164.44    253.52       6
      920322    283.63     76.28   1028.94    269.70       7
      920323    225.01     53.20    831.21    192.03       6
      920324    230.59     29.69    855.84    103.49       7
      920325    339.88    122.57   1206.55    426.90       7
      920326    650.19     90.35   2258.97    306.98       6
      920327    802.89     93.03   2769.71    311.51       6
      920328    957.05    124.65   3285.08    411.90       5
      920329   1156.71    158.13   3960.38    521.51       7
      920330   1161.33    186.95   3969.34    615.83       7
      920331    998.52    111.68   3420.85    367.31       5
      920401    729.66    104.17   2511.37    344.24       5
      920402    429.35    130.08   1490.60    437.77       4
      920403    286.86     20.76   1011.59     66.24       5
      920404    205.63     30.84    733.81    106.93       7
      920405    230.87     44.63    815.55    152.39       6
      920406    201.82     33.59    718.45    115.93       5
      920407    259.05    115.83    923.95    411.55       5
      920408    259.80     57.00    924.11    196.92       6
      920409    258.91     77.25    924.37    265.90       5
      920410    275.98     32.15    986.85    111.84       6
      920411    261.61     33.64    939.83    114.88       3
      920412    299.85     50.29   1072.87    174.08       5
      920413    352.65    102.40   1258.89    352.64       5
      920414    354.73     35.31   1273.86    123.91       6
      920415    356.52     28.52   1284.82     98.59       4
      920416    331.94     26.06   1202.55     92.55       5
      920417    450.22     57.93   1614.44    199.98       4
      920418    565.15    215.78   2020.61    772.59       5
      920419    554.94     67.07   1972.10    227.58       5
      920420    695.37     72.15   2456.33    247.89       5
      920421    656.00     70.22   2321.51    240.66       6
      920422    760.64    144.67   2680.65    489.88       6
      920423    617.96    121.42   2206.13    415.64       6
      920424    554.98    115.55   1987.78    399.34       6
      920425    371.44     50.38   1354.58    177.19       5
      920426    292.92     58.71   1072.10    207.21       6
      920427    193.41     24.94    714.06     90.82       5
      920428    170.30     32.74    631.46    116.13       5
      920429    249.91     42.48    912.15    147.80       5
      920430    286.94     52.91   1037.57    185.34       5
      920501    265.95     63.61    964.35    222.74       4
      920502    146.51     49.20    542.10    178.13       4
      920503    179.15     25.76    654.54     93.36       5
      920504    195.41     47.55    706.80    168.19       6
      920505    205.78     50.68    734.12    177.40       5
      920506    273.55     74.14    964.11    250.17       5
      920507    218.30     44.36    779.98    151.92       6
      920508    224.10     47.73    806.91    168.73       6
      920509    243.91     29.59    884.95    104.68       5
      920510    211.10     43.17    769.95    150.93       5
      920511    218.00     43.85    792.53    154.07       5
      920512    153.43     35.75    569.34    128.87       5
      920513    104.35     25.47    392.34     92.82       5
      920514     84.35     21.22    321.56     78.85       4
      920515     74.56     19.60    284.34     74.24       5
      920516     34.82     14.13    135.55     54.02       6
      920517     26.47     10.41    104.89     40.86       5
      920518     32.32      6.19    124.25     22.13       4
      920519    121.07     53.10    429.26    177.89       5
      920520    335.19    110.02   1164.97    376.60       4
      920521    500.24    101.74   1731.58    339.94       4
      920522    621.94      8.42   2135.95     32.27       2
      920523    517.35     70.94   1788.83    238.25       2
      920524    493.51    113.30   1703.07    385.10       4
      920525    359.37     41.19   1238.09    144.52       4
      920526    251.38   -999.00    867.71   -999.00       1
      920527    197.20     54.76    689.83    181.90       3
      920528     97.88     24.35    348.62     85.61       3
      920529     11.55      3.99     43.78     14.08       3
      920530      9.00      4.59     34.82     17.91       3
      920531     34.03      9.29    129.61     34.15       6
      920601     59.48     26.78    222.18     96.82       4
      920602     86.48     37.45    317.51    135.24       6
      920603    127.56     30.87    470.71    112.32       6
      920604    149.14     30.86    547.95    110.11       6
      920605    176.28     32.12    641.25    111.69       6
      920606    198.53     28.33    720.62    100.50       5
      920607    242.53     55.07    879.10    192.82       5
      920608    240.36     48.36    872.77    171.79       5
      920609    238.24     27.59    872.07     96.62       4
      920610    167.34     48.29    616.93    172.71       2
      920611    212.60     29.06    786.75    104.03       3
      920612    220.08     57.38    813.34    212.06       6
      920613    188.09     86.83    684.22    295.63       6
      920614    172.58     80.73    636.69    290.05       5
      920615    153.90     18.24    567.92     67.79       5
      920616    203.43     33.22    747.41    119.62       6
      920617    220.61     76.29    807.17    274.63       5
      920618    152.59     72.46    560.40    263.27       5
      920619    245.24    115.01    897.58    418.76       6
      920620    177.47     31.32    651.36    112.76       6
      920621    154.32     31.02    570.68    110.19       6
      920622    315.86     76.73   1128.54    264.39       6
      920623    438.36     74.87   1517.38    245.22       6
      920624    383.54    160.40   1308.02    531.49       6
      920625    267.66      8.90    920.01     30.23       3
      920626     62.11     36.93    225.66    125.43       6
      920627     39.38      9.79    151.81     37.10       6
      920628     34.71      3.72    134.11     14.10       5
      920629    142.04    107.66    504.97    364.96       6
      920630    239.63     26.96    826.56     86.65       6
      920701    419.83     48.08   1438.15    156.87       6
      920702    500.91     69.42   1718.38    238.78       6
      920703    510.55    146.48   1752.41    479.67       6
      920704    576.71     93.49   1969.71    306.54       5
      920705    601.28    115.78   2050.94    381.25       5
      920706    570.12    104.03   1954.34    348.78       6
      920707    582.14     72.95   2001.38    244.25       5
      920708    558.58    129.07   1930.35    429.60       5
      920709    626.73     63.49   2165.81    212.37       5
      920710    692.40    132.35   2405.03    444.48       6
      920711    672.06     91.45   2344.34    308.05       4
      920712    972.33    329.58   3346.27   1090.84       6
      920713   1208.12    656.38   4164.59   2245.75       6
      920714    705.36     95.99   2476.44    321.06       6
      920715    676.51    146.24   2381.91    498.07       6
      920716    570.55    122.26   2023.35    418.50       5
      920717    355.89     90.01   1280.65    313.14       5
      920718    223.44    154.32    824.38    562.27       6
      920719    116.18     39.78    432.97    141.35       6
      920720     86.95     27.47    327.22    100.78       6
      920721     76.46     15.52    291.71     57.31       6
      920722     55.12     23.58    211.15     87.89       6
      920723     57.44     33.44    216.73    124.09       6
      920724     34.09      4.86    127.80     17.26       6
      920725     59.86     14.47    218.71     51.33       6
      920726     94.92     21.52    347.87     76.27       6
      920727    128.20     24.60    467.14     87.75       6
      920728    123.12     60.43    446.49    216.14       5
      920729    181.57     53.97    660.60    191.51       6
      920730    212.23     52.74    770.83    184.13       6
      920731    224.14     39.26    819.34    139.33       6
      920801    217.55     23.66    795.77     83.57       5
      920802    276.17     46.84   1003.74    167.47       6
      920803    379.51     32.96   1363.41    113.40       5
      920804    746.54    830.79   2526.81   2632.35       6
      920805    341.34     78.82   1216.56    272.37       6
      920806    399.40     87.55   1418.83    304.71       6
      920807    512.29     62.06   1803.63    219.06       5
      920808    473.65     79.08   1674.53    278.55       6
      920809    367.86     42.46   1302.26    144.74       6
      920810    277.14     37.38    985.37    126.75       6
      920811    235.69     59.57    833.16    203.90       6
      920812    230.38     62.05    801.83    206.61       3
      920813    323.47     41.37   1117.18    136.20       5
      920814    393.15     61.44   1363.12    207.73       6
      920815    479.64    145.78   1654.74    488.57       6
      920816    544.55     91.14   1877.21    305.65       5
      920817    707.78    109.47   2414.58    361.82       6
      920818    728.15    108.13   2470.05    358.03       6
      920819    897.23     73.45   3008.07    236.55       6
      920820    840.45     96.39   2811.18    318.44       6
      920821    610.79     39.98   2049.14    132.24       6
      920822    328.58    111.44   1113.91    370.30       6
      920823    198.43     64.17    676.42    213.04       6
      920824     82.22     88.70    300.18    313.66       5
      920825     21.94      6.79     84.89     25.49       4
      920826     24.28      9.29     95.45     35.30       6
      920827     41.60     14.99    159.50     56.80       6
      920828     42.49     11.31    160.89     41.20       5
      920829     43.83      8.80    166.69     32.82       4
      920830     31.96     10.26    121.58     37.74       5
      920831     43.85     20.38    166.50     74.97       6
      920901     69.60     22.14    261.17     81.22       6
      920902    114.08     19.08    418.21     70.07       6
      920903    131.90     49.68    478.38    173.33       5
      920904    103.30     22.85    377.96     80.70       5
      920905    168.40     44.89    600.08    153.44       6
      920906    243.69     37.55    849.87    123.64       6
      920907    247.16     48.10    848.96    161.36       5
      920908    142.75     40.40    498.45    135.72       5
      920909    107.71     26.18    392.92     94.08       5
      920910    108.17     19.36    393.29     65.18       5
      920911    138.87     21.32    500.82     76.25       3
      920912    171.22     41.56    620.77    147.22       5
      920913    206.99     73.54    753.49    257.11       6
      920914    173.01     48.09    633.26    171.25       6
      920915    121.05     19.51    451.74     70.56       5
      920916    246.57     54.63    886.88    187.29       4
      920917    277.55     45.90    986.14    156.25       5
      920918    196.13     27.00    708.61     91.47       6
      920919    127.83     91.77    469.95    330.37       5
      920920    108.78     16.76    406.80     58.52       6
      920921    357.98    414.33   1257.18   1378.12       6
      920922    280.79    100.69   1024.03    359.29       5
      920923    293.00     44.88   1066.53    160.16       6
      920924    244.57     29.72    894.02    105.98       6
      920925    232.30     73.54    846.72    258.53       5
      920926    280.71     62.66   1014.37    217.18       6
      920927    338.81     37.82   1224.44    131.67       6
      920928    355.24    176.45   1278.36    627.12       6
      920929    423.70     69.28   1527.71    240.39       5
      920930    396.50     48.49   1434.59    170.47       6
      921001    348.62     70.99   1266.30    253.31       4
      921002    339.40     54.50   1234.56    194.86       5
      921003    284.45     30.53   1043.82    111.20       4
      921004    241.43     55.24    899.12    203.00       5
      921005    331.02     48.58   1210.15    163.92       5
      921006    339.68     75.16   1235.38    261.20       5
      921007    354.27    131.58   1282.36    462.13       5
      921008    339.89    130.26   1230.84    457.08       6
      921009    217.34     60.39    797.65    215.03       6
      921010    157.38     28.35    578.57    100.62       5
      921011    108.45     46.07    397.49    161.92       5
      921012     56.53     26.16    209.21     93.82       5
      921013     29.46     21.73    112.63     81.99       4
      921014     36.39     12.37    138.95     45.37       6
      921015     45.58     20.45    173.47     75.18       6
      921016     70.01     19.27    265.44     70.14       4
      921017     66.79     25.40    253.13     93.11       5
      921018    109.38     22.80    407.18     80.74       6
      921019    253.47     93.96    915.07    325.65       3
      921020    600.80    108.26   2093.31    362.72       6
      921021    743.25     96.63   2581.67    326.26       6
      921022    804.68     85.50   2790.52    282.60       4
      921023    837.12     46.42   2904.65    161.87       3
      921024    844.57    260.50   2944.74    884.59       4
      921025    818.14     36.00   2871.31    127.25       3
      921026    951.38    149.93   3291.82    484.93       3
      921027   1051.35    229.53   3615.99    763.58       5
      921028   1017.30    132.17   3503.11    443.97       5
      921029    931.63     95.49   3213.94    315.41       4
      921030    719.74     41.61   2500.77    135.23       4
      921031    504.68    207.02   1793.22    719.50       5
      921101    347.52     48.08   1259.72    168.25       4
      921102    321.51     57.26   1160.24    199.13       4
      921103    314.10     43.70   1126.27    153.15       4
      921104    374.87     87.56   1340.72    300.33       6
      921105    441.22    101.21   1558.47    342.44       5
      921106    475.98     67.78   1671.00    229.97       6
      921107    522.44     60.51   1829.87    205.39       5
      921108    501.52     96.99   1760.57    329.28       6
      921109    601.50    107.86   2104.91    363.37       6
      921110    606.70     80.47   2123.90    272.86       4
      921111    516.67     67.01   1817.17    229.84       5
      921112    429.75     38.21   1516.39    133.71       4
      921113    275.50    137.36    976.98    486.69       6
      921114    280.86     39.17   1006.64    137.83       6
      921115    200.09     47.73    724.54    170.08       6
      921116    175.43     40.37    639.44    140.55       5
      921117    199.51     19.06    727.63     66.10       4
      921118    346.63     20.80   1235.60     72.58       3
      921119    379.48     46.78   1352.59    162.68       4
      921120    474.27    100.03   1667.57    339.72       5
      921121    382.87    134.43   1347.53    466.38       5
      921122    437.97     96.61   1541.95    330.33       3
      921123    576.51     59.56   2032.54    205.38       4
      921124    589.89     96.55   2078.69    323.93       5
      921125    588.24    142.72   2071.22    491.73       5
      921126    543.46     68.41   1921.72    234.19       6
      921127    536.59     98.99   1903.85    342.86       5
      921128    439.29     53.51   1571.50    190.03       6
      921129    368.60    103.76   1327.46    370.29       5
      921130    345.84     63.86   1240.69    221.32       4
      921201    323.55     38.10   1154.64    135.49       5
      921202    237.80     62.55    847.57    215.47       5
      921203    131.62     22.21    476.78     77.67       4
      921204     74.96     19.28    275.53     67.70       4
      921205     77.47      9.65    290.65     33.21       3
      921206     72.55     21.02    271.54     76.82       4
      921207     69.27     22.67    256.93     82.20       3
      921208    112.51     25.76    420.43     93.60       3
      921209    200.40     30.34    740.17    109.20       4
      921210    436.18    174.23   1568.08    605.42       5
      921211    693.01    173.06   2448.17    587.83       6
      921212    793.93     80.36   2786.46    273.41       5
      921213    700.99    101.18   2477.77    346.22       2
      921214    580.03    152.88   2053.37    533.37       4
      921215    474.58     46.71   1680.51    160.09       4
      921216    315.19     97.84   1133.54    327.54       4
      921217    208.19     45.10    769.41    160.29       5
      921218    170.70     36.05    635.10    127.90       4
      921219    208.61     57.91    766.90    210.01       5
      921220    235.81     77.30    852.64    268.69       5
      921221    300.10     57.24   1075.85    195.28       6
      921222    291.75     35.36   1054.64    123.52       6
      921223    294.09     16.46   1064.82     57.86       5
      921224    288.42     32.06   1046.68    108.20       4
      921225    248.35     24.09    911.37     85.80       4
      921226    275.08     25.59   1011.42     94.54       4
      921227    308.20     60.77   1123.77    214.52       6
      921228    305.22     23.82   1112.71     84.60       3
      921229    236.15     66.98    861.57    237.24       4
      921230    165.05     12.34    603.31     47.87       3
      921231     81.86     23.09    302.65     84.47       3
