Tue Dec  2 10:03:03 2014   calc_USAF_spotindex_Nov12.pro
SSB:1987 AREA-DEP & AREA-INDEP CONTRASTS & SDEVS: BOL EXCESS=0.324
      870101     39.18     13.95    146.38     50.02       5
      870102     36.64     14.31    137.55     51.69       3
      870103     21.67      8.06     82.91     29.70       6
      870104     15.71      5.98     60.62     22.24       6
      870105      5.01      2.11     20.07      8.08       6
      870106      3.07      0.68     12.39      2.74       2
      870107      2.22   -999.00      8.98   -999.00       1
      870108   -999.00   -999.00   -999.00   -999.00       0
      870109   -999.00   -999.00   -999.00   -999.00       0
      870110   -999.00   -999.00   -999.00   -999.00       0
      870111   -999.00   -999.00   -999.00   -999.00       0
      870112   -999.00   -999.00   -999.00   -999.00       0
      870113   -999.00   -999.00   -999.00   -999.00       0
      870114      0.74      0.44      2.95      1.72       4
      870115      2.11      0.17      8.42      0.53       3
      870116      2.08   -999.00      8.40   -999.00       1
      870117      2.64   -999.00     10.67   -999.00       1
      870118      2.47      1.60      9.98      6.47       3
      870119   -999.00   -999.00   -999.00   -999.00       0
      870120      2.74   -999.00     11.09   -999.00       1
      870121     20.10      9.17     76.95     33.59       5
      870122     36.81     11.59    137.59     41.94       5
      870123     35.07     21.00    131.31     76.88       5
      870124     10.12      4.21     39.50     16.28       6
      870125      4.43      2.22     17.52      8.55       4
      870126      5.23      2.63     20.36      9.93       6
      870127      6.06      1.87     23.75      7.02       4
      870128      6.67      2.04     26.60      7.82       5
      870129      7.75      4.67     30.93     18.22       4
      870130   -999.00   -999.00   -999.00   -999.00       0
      870131   -999.00   -999.00   -999.00   -999.00       0
      870201   -999.00   -999.00   -999.00   -999.00       0
      870202   -999.00   -999.00   -999.00   -999.00       0
      870203   -999.00   -999.00   -999.00   -999.00       0
      870204   -999.00   -999.00   -999.00   -999.00       0
      870205   -999.00   -999.00   -999.00   -999.00       0
      870206   -999.00   -999.00   -999.00   -999.00       0
      870207   -999.00   -999.00   -999.00   -999.00       0
      870208   -999.00   -999.00   -999.00   -999.00       0
      870209      3.89   -999.00     15.71   -999.00       1
      870210      4.42      0.32     17.88      1.28       3
      870211   -999.00   -999.00   -999.00   -999.00       0
      870212      4.82   -999.00     19.47   -999.00       1
      870213   -999.00   -999.00   -999.00   -999.00       0
      870214     10.99      8.01     42.90     30.23       2
      870215      5.96      2.03     23.90      7.73       7
      870216   -999.00   -999.00   -999.00   -999.00       0
      870217   -999.00   -999.00   -999.00   -999.00       0
      870218   -999.00   -999.00   -999.00   -999.00       0
      870219   -999.00   -999.00   -999.00   -999.00       0
      870220   -999.00   -999.00   -999.00   -999.00       0
      870221   -999.00   -999.00   -999.00   -999.00       0
      870222   -999.00   -999.00   -999.00   -999.00       0
      870223   -999.00   -999.00   -999.00   -999.00       0
      870224      2.10   -999.00      8.02   -999.00       1
      870225      7.78      6.44     30.37     25.09       3
      870226      8.05      0.48     31.02      1.34       3
      870227      8.92      3.19     34.34     12.34       5
      870228     10.11      3.60     39.09     13.95       5
      870301     19.78      7.32     75.69     27.51       5
      870302     28.61      3.32    109.02     12.20       5
      870303      5.12      3.50     20.53     13.76       5
      870304      7.13      3.58     28.26     13.84       5
      870305     17.29     10.10     66.64     37.84       5
      870306     40.26     17.38    149.73     62.26       5
      870307     43.58     18.59    160.53     65.70       5
      870308     43.54     22.67    158.31     79.05       5
      870309     24.47     10.00     89.58     34.75       5
      870310      6.99      5.70     25.74     20.77       4
      870311      1.27   -999.00      4.91   -999.00       1
      870312   -999.00   -999.00   -999.00   -999.00       0
      870313   -999.00   -999.00   -999.00   -999.00       0
      870314      1.49      1.10      5.69      4.07       4
      870315      3.42      2.27     13.11      8.49       4
      870316      4.14      1.58     16.22      5.99       6
      870317     14.59      4.76     57.57     17.96       5
      870318     11.14      3.93     44.64     14.96       6
      870319      7.94      2.73     31.72     10.74       3
      870320      6.13      2.49     24.47      9.49       4
      870321     14.80      6.36     56.97     23.47       6
      870322     23.65      7.43     89.12     26.85       5
      870323     28.95     11.70    107.99     42.12       4
      870324     24.11     12.83     89.99     46.93       5
      870325     11.11      3.69     41.33     13.22       5
      870326     26.69      6.66     96.16     23.82       4
      870327     45.71      5.59    164.67     19.84       6
      870328     76.43     22.94    274.46     79.88       5
      870329     67.30     17.19    245.31     60.88       3
      870330     96.81     38.26    349.43    133.41       7
      870331    103.09     18.07    373.58     63.20       5
      870401     84.46     20.94    307.19     73.29       7
      870402     69.31     15.76    252.80     54.90       6
      870403     54.19     12.57    197.93     44.05       7
      870404     38.22      5.56    140.37     20.03       6
      870405     38.58     10.80    142.51     38.35       5
      870406    141.65     80.03    499.78    275.14       7
      870407    282.77    105.93    989.31    360.73       6
      870408    371.51     98.18   1299.69    329.52       7
      870409    395.64     38.49   1400.84    134.15       5
      870410    393.31     68.65   1400.39    235.24       7
      870411    375.37     92.46   1344.99    325.85       5
      870412    402.24    122.07   1443.11    424.47       4
      870413    373.38     90.12   1337.15    310.70       6
      870414    321.47     65.94   1153.21    227.46       6
      870415    287.04     32.86   1028.02    116.51       4
      870416    199.51     44.33    715.38    157.57       5
      870417    107.10     29.55    385.95    102.80       7
      870418     65.65     30.71    231.00    104.84       6
      870419     11.32     12.54     40.12     43.95       4
      870420      2.29   -999.00      9.27   -999.00       1
      870421      6.55      4.28     26.03     16.88       4
      870422     17.72      8.41     69.76     32.67       5
      870423     18.43      8.49     71.07     31.85       6
      870424     30.37     11.90    114.05     43.03       6
      870425     21.66      6.84     82.23     24.83       7
      870426      9.12      2.39     36.02      9.15       5
      870427     12.52      4.15     49.02     15.66       6
      870428      9.78      7.83     39.15     30.96       4
      870429     12.48      4.31     49.80     16.79       6
      870430     22.12     10.65     86.02     39.59       7
      870501     29.57     12.23    113.17     45.34       5
      870502     25.13      7.72     96.82     28.10       6
      870503     32.65      8.51    124.90     32.12       5
      870504     30.15      8.30    113.23     30.29       4
      870505     36.09      9.84    134.89     35.38       6
      870506     57.73     11.94    212.39     41.54       7
      870507     88.30     29.74    318.25    103.12       7
      870508     90.93     16.76    325.95     57.07       7
      870509     91.92     24.08    331.29     85.20       6
      870510    103.00     34.50    370.79    120.11       7
      870511     69.86      8.41    256.13     29.53       6
      870512     57.42     11.11    212.26     39.63       7
      870513     54.99      7.35    202.85     26.36       5
      870514     46.79      6.07    171.01     21.50       5
      870515     64.86     25.76    235.04     90.50       5
      870516    108.55     34.66    386.22    120.77       7
      870517    164.35     29.68    586.59    102.04       6
      870518    188.00     59.94    665.16    202.90       7
      870519    231.41     45.55    810.38    155.70       6
      870520    272.69     42.13    947.36    142.36       6
      870521    328.30     34.92   1130.76    116.11       5
      870522    439.43     43.64   1495.36    143.72       6
      870523    323.63     62.98   1109.19    208.65       6
      870524    211.42     48.18    731.75    161.96       5
      870525    176.31     45.36    609.02    151.76       7
      870526     76.14     25.58    268.71     87.11       7
      870527     58.95     15.18    213.85     55.19       6
      870528     65.76     12.67    240.70     44.70       6
      870529     41.60      9.81    154.62     35.00       6
      870530     31.52      7.39    117.87     26.47       5
      870531     13.97      4.55     53.50     16.55       6
      870601     12.14      4.93     46.00     17.95       7
      870602      1.83      0.29      7.40      1.18       4
      870603   -999.00   -999.00   -999.00   -999.00       0
      870604   -999.00   -999.00   -999.00   -999.00       0
      870605   -999.00   -999.00   -999.00   -999.00       0
      870606   -999.00   -999.00   -999.00   -999.00       0
      870607   -999.00   -999.00   -999.00   -999.00       0
      870608   -999.00   -999.00   -999.00   -999.00       0
      870609   -999.00   -999.00   -999.00   -999.00       0
      870610   -999.00   -999.00   -999.00   -999.00       0
      870611      5.98      0.00     24.17      0.02       3
      870612     14.48      2.10     57.59      7.96       5
      870613      3.40      1.55     13.57      6.21       6
      870614      2.40      0.26      9.70      1.07       6
      870615      3.33      0.26     13.47      1.06       3
      870616   -999.00   -999.00   -999.00   -999.00       0
      870617      7.14      2.34     28.84      9.45       5
      870618     14.42      4.41     55.92     16.08       6
      870619     16.97      4.95     63.50     17.42       7
      870620     24.63      9.18     91.82     33.07       4
      870621     50.66     15.83    189.55     57.28       5
      870622    123.11     18.18    446.86     63.22       6
      870623    141.83     32.41    513.30    112.37       7
      870624    123.64     43.68    448.34    153.71       7
      870625    116.83     31.07    423.47    109.36       6
      870626     85.59     17.48    312.48     61.74       7
      870627     57.42      8.58    211.57     30.44       6
      870628     38.09     12.85    143.24     47.15       6
      870629     19.29      9.01     72.59     33.00       6
      870630      3.63      0.86     14.05      4.30       2
      870701   -999.00   -999.00   -999.00   -999.00       0
      870702   -999.00   -999.00   -999.00   -999.00       0
      870703   -999.00   -999.00   -999.00   -999.00       0
      870704   -999.00   -999.00   -999.00   -999.00       0
      870705   -999.00   -999.00   -999.00   -999.00       0
      870706   -999.00   -999.00   -999.00   -999.00       0
      870707      4.46      0.25     18.03      1.00       3
      870708      6.72      2.65     26.29      9.96       7
      870709      6.66      5.13     25.42     18.78       7
      870710      2.42      0.40      9.37      1.46       3
      870711   -999.00   -999.00   -999.00   -999.00       0
      870712   -999.00   -999.00   -999.00   -999.00       0
      870713   -999.00   -999.00   -999.00   -999.00       0
      870714   -999.00   -999.00   -999.00   -999.00       0
      870715      5.63      2.20     21.96      8.31       5
      870716      7.10      2.86     26.74     10.06       4
      870717     14.78      4.84     54.21     17.46       7
      870718     28.05      5.52    103.65     19.84       7
      870719     32.65      6.77    122.21     24.49       5
      870720     50.55      8.58    189.66     31.10       5
      870721    112.21     15.05    416.42     54.03       6
      870722    164.80     67.84    604.69    239.37       6
      870723    221.48     45.59    804.31    162.10       7
      870724    284.73     49.95   1023.79    172.71       7
      870725    240.68     32.46    867.44    113.11       7
      870726    209.85     49.00    758.79    170.74       7
      870727    133.61     37.28    488.76    131.85       7
      870728     99.65     37.50    368.34    133.80       6
      870729     83.54     31.82    313.79    115.80       6
      870730     91.60     34.40    344.34    124.89       7
      870731     84.68     20.71    318.73     74.95       7
      870801    115.68     35.21    421.92    121.83       6
      870802    116.59     28.68    423.90    101.83       5
      870803     84.10     20.10    308.52     72.02       6
      870804     53.09     18.32    196.82     64.73       5
      870805     43.98     10.26    164.01     37.15       6
      870806     38.70     10.00    144.49     35.78       6
      870807     96.94     35.62    347.57    123.20       5
      870808    191.09     18.48    670.38     62.51       7
      870809    158.77     29.75    555.22    100.80       7
      870810    125.97     36.17    443.10    123.26       7
      870811     89.66     20.96    321.59     72.43       4
      870812    106.28     14.90    378.87     50.74       6
      870813    209.53     73.92    740.63    254.45       6
      870814    250.45     81.21    884.25    282.19       6
      870815    313.30     70.72   1107.47    243.19       7
      870816    325.49     94.61   1154.55    326.83       7
      870817    325.14     67.69   1154.55    233.43       6
      870818    279.32     48.38    997.72    165.53       6
      870819    232.79     41.61    833.64    145.64       6
      870820    246.69     52.55    868.57    178.65       7
      870821    181.25     38.24    633.73    127.88       7
      870822    134.64     27.21    470.08     92.51       6
      870823     69.10     25.83    247.76     90.06       6
      870824     43.81     13.39    161.27     48.72       6
      870825    128.15    153.21    453.81    527.10       7
      870826     46.27     28.73    169.75    101.78       6
      870827     13.46      7.32     52.11     27.08       5
      870828      5.86      2.98     23.52     11.95       6
      870829      3.09      1.35     12.29      5.17       6
      870830      4.93      1.89     19.79      7.56       5
      870831      6.37      2.94     25.48     11.30       5
      870901     16.53      7.88     63.58     29.29       7
      870902     49.74     19.12    179.49     67.02       7
      870903     74.38     25.58    265.42     87.78       7
      870904     82.70     31.47    298.13    109.02       7
      870905    105.19     25.33    378.88     87.90       6
      870906    127.68     32.65    457.81    113.01       7
      870907    190.15     52.83    671.57    181.00       6
      870908    193.66     95.88    680.08    333.82       6
      870909    177.12     31.44    627.87    107.40       7
      870910    115.05     30.71    413.49    106.74       7
      870911     81.45     33.12    297.22    116.53       7
      870912     52.43     12.37    193.55     44.06       7
      870913     37.41     10.06    138.72     36.37       7
      870914     39.81     11.61    146.49     41.13       6
      870915     29.41      9.18    110.57     34.26       6
      870916     19.32      5.99     73.28     21.87       7
      870917     20.96     10.57     79.20     38.98       5
      870918     36.47      8.54    137.62     30.86       6
      870919     35.59     12.40    134.94     46.00       7
      870920     48.70     12.23    183.99     44.96       6
      870921     53.28     17.24    200.19     62.75       7
      870922     54.73     11.18    205.19     40.22       5
      870923     57.32     18.88    214.20     68.69       6
      870924     40.92     10.04    154.09     36.88       7
      870925     23.62      9.31     89.61     33.96       6
      870926     12.56      4.35     48.40     16.23       7
      870927      6.90      1.80     27.05      6.85       6
      870928      3.47      1.96     13.78      7.58       7
      870929     12.72      5.70     48.16     21.60       6
      870930     29.06     18.87    106.95     66.63       5
      871001     50.22     20.01    183.94     71.43       7
      871002     75.26     26.46    270.51     91.56       6
      871003     86.11     27.00    310.73     93.97       6
      871004    130.31     32.52    467.51    113.20       7
      871005    136.51     48.80    491.78    171.47       7
      871006    111.27     40.43    404.58    142.08       7
      871007     87.57     26.50    320.64     94.30       7
      871008     65.12     20.87    244.82     77.05       7
      871009     29.76      9.53    112.02     34.34       6
      871010     46.11     21.46    167.59     74.52       6
      871011    118.53     34.94    422.08    120.43       6
      871012    170.44     10.91    604.65     41.07       6
      871013    265.69     39.93    944.27    145.47       4
      871014    350.82     72.49   1244.51    249.88       5
      871015    413.25     94.77   1466.03    322.77       6
      871016    341.08     48.50   1218.58    166.88       4
      871017    311.70     51.47   1108.75    175.71       6
      871018    172.17     55.11    622.91    192.76       7
      871019    112.08     22.39    413.05     77.51       5
      871020     64.06     16.67    241.23     61.51       5
      871021     42.74     13.80    162.65     50.53       5
      871022     36.08     15.59    136.03     56.21       6
      871023     11.76      6.99     46.02     26.87       5
      871024      5.67      6.47     21.75     24.69       6
      871025     35.98     23.34    127.38     80.51       6
      871026     63.35     22.26    226.84     77.82       7
      871027    118.84     19.01    429.28     66.64       6
      871028    201.09     64.61    721.45    224.43       6
      871029    281.37    114.86    999.17    393.51       6
      871030    184.77     52.10    666.33    182.24       6
      871031    143.83     43.24    519.66    150.99       6
      871101    121.20     31.85    437.66    111.30       7
      871102    104.50     19.26    379.42     67.62       7
      871103     69.34     25.18    254.70     90.47       6
      871104     90.97     30.34    329.82    106.37       7
      871105     79.82     25.64    291.38     91.00       6
      871106     46.43     17.26    174.22     63.19       7
      871107     51.62     10.26    194.56     37.07       7
      871108     53.34     15.73    201.22     58.59       7
      871109     40.18     13.90    154.18     52.48       5
      871110     15.83      9.60     61.98     36.76       6
      871111      9.16      2.17     34.65      8.31       5
      871112     49.65     17.62    174.37     60.78       7
      871113    105.59     23.76    365.34     80.64       7
      871114    132.92     42.83    462.79    145.51       6
      871115    198.34     17.76    688.59     60.55       5
      871116    274.23     56.26    949.26    190.18       7
      871117    281.59     35.54    983.44    120.27       6
      871118    205.81     27.31    730.89     94.35       6
      871119    243.38     65.89    864.24    224.58       7
      871120    259.60     62.15    917.81    212.51       5
      871121    279.43     48.72    984.63    166.85       6
      871122    287.12     46.20   1012.78    157.89       6
      871123    229.83     69.28    815.88    234.23       7
      871124    130.82     25.73    473.21     88.71       4
      871125     85.47     31.19    309.93    107.82       6
      871126     83.00     39.88    300.27    138.31       4
      871127     22.07     19.34     81.66     69.29       7
      871128      7.11      6.55     28.13     25.57       4
      871129      5.73      0.60     23.16      2.43       4
      871130      9.52      2.39     38.45      9.65       5
      871201     15.34      3.67     59.52     13.54       7
      871202     11.05      7.75     43.05     29.56       5
      871203      9.30     10.34     36.89     40.23       5
      871204      7.62      3.54     30.49     14.08       4
      871205     19.62     13.39     74.80     48.75       6
      871206     40.06      6.76    149.68     24.22       6
      871207     48.66     16.04    182.63     57.93       6
      871208     51.79     20.64    192.63     75.29       5
      871209     43.85     27.05    162.54     95.69       6
      871210     22.92     12.60     85.80     46.07       4
      871211      5.09      3.94     19.66     15.25       3
      871212      4.93      1.32     19.28      5.04       3
      871213     15.60      7.41     57.08     27.30       3
      871214     36.30     17.09    131.06     60.83       4
      871215     52.66     23.71    190.74     81.63       4
      871216    100.54     30.81    362.81    108.17       5
      871217     90.00     16.88    326.06     59.61       5
      871218     85.88     10.04    314.08     34.05       5
      871219     77.26     16.95    284.44     58.80       5
      871220     61.47     26.07    225.25     93.34       5
      871221     45.58     12.83    167.47     45.71       5
      871222     35.82     15.62    132.82     56.91       6
      871223     24.45      9.21     91.17     33.73       5
      871224     15.05      7.86     55.39     28.38       6
      871225      8.77      7.39     32.80     26.46       6
      871226     10.67      7.07     42.23     27.30       2
      871227   -999.00   -999.00   -999.00   -999.00       0
      871228   -999.00   -999.00   -999.00   -999.00       0
      871229     15.89     10.60     60.28     38.66       3
      871230     12.98      3.67     49.46     13.40       6
      871231      9.05      4.88     34.48     18.19       6
