Tue Dec  2 10:03:39 2014   calc_USAF_spotindex_Nov12.pro
SSB:2000 AREA-DEP & AREA-INDEP CONTRASTS & SDEVS: BOL EXCESS=0.324
         101    232.50     30.71    836.05    108.69       4
         102    220.38     10.48    803.19     39.01       4
         103    247.08     25.13    900.67     89.29       4
         104    220.13      4.80    809.33     14.86       3
         105    169.57     26.09    629.12     93.09       4
         106    151.07     19.72    563.10     73.10       4
         107    128.26     14.20    479.83     54.00       3
         108    115.90     25.11    432.70     90.19       4
         109     94.47     19.70    353.12     72.62       4
         110    122.28     33.88    446.16    119.24       4
         111    220.41     57.05    803.97    206.92       4
         112    413.96    154.26   1485.75    533.47       4
         113    486.44     87.10   1738.83    286.53       4
         114    506.44    105.67   1811.30    370.36       3
         115    573.64     73.82   2059.81    257.29       2
         116    558.83     75.66   2006.44    262.58       3
         117    556.80     75.57   2006.36    273.08       2
         118    399.17     37.15   1453.40    128.54       3
         119    346.17     95.55   1260.58    336.71       4
         120    359.62     95.11   1298.57    329.39       4
         121    395.27     97.20   1413.58    336.34       3
         122    216.95     25.64    794.38     93.82       3
         123    145.75     39.66    543.50    144.89       4
         124    150.57     20.70    562.40     75.88       4
         125    186.86     24.84    689.08     83.55       3
         126    211.92     34.54    768.87    118.03       3
         127    174.56     16.12    636.66     54.14       4
         128    193.31     50.43    699.03    174.33       4
         129    128.99     36.88    476.99    130.24       3
         130     89.62     22.56    337.30     81.36       4
         131    106.57     14.42    400.34     52.43       3
         201    137.51     32.81    509.10    118.86       3
         202    121.62     21.26    451.68     77.82       4
         203    176.57     81.95    650.67    294.41       3
         204    348.85    315.29   1227.68   1054.97       3
         205    219.58     65.36    801.95    234.15       4
         206    190.49     98.48    705.03    356.03       4
         207    280.04     55.38   1021.75    198.56       4
         208    290.60     40.00   1054.11    148.60       4
         209    240.74     46.90    880.42    166.53       3
         210    227.78     42.53    839.05    152.17       2
         211    221.04     16.73    819.77     68.75       2
         212    231.21     43.19    861.73    154.56       3
         213    237.46     58.01    882.38    211.29       3
         214    201.61     39.51    753.25    142.45       4
         215    180.16     27.91    676.70    104.04       4
         216    255.86     55.04    951.30    198.56       4
         217    236.37     53.04    874.23    185.22       4
         218    205.78     30.66    752.44    103.32       4
         219    214.39     13.94    771.36     56.42       3
         220    242.63     59.37    867.25    201.87       4
         221    300.66     28.19   1070.76     96.72       4
         222    289.50     40.98   1039.55    147.32       4
         223    348.61     10.87   1246.75     33.35       3
         224    486.94     97.63   1729.23    333.71       3
         225    656.12    145.13   2315.58    488.65       4
         226    886.83    187.84   3089.72    637.96       4
         227   1375.90    282.63   4715.11    909.99       4
         228   1437.77    150.33   4928.63    491.35       4
         229   2136.99   1003.36   7178.37   3217.07       4
         301   1321.14    214.22   4520.93    705.18       4
         302   1167.97    166.17   3992.77    543.00       3
         303    919.12    237.42   3153.96    795.99       4
         304    699.60    135.90   2428.97    473.27       4
         305    702.94     55.25   2461.73    185.20       3
         306    704.43    102.63   2471.83    351.35       3
         307    769.92   -999.00   2692.02   -999.00       1
         308    641.31     76.86   2267.32    270.57       3
         309    661.47     90.18   2329.78    304.19       3
         310    681.01     50.92   2391.72    183.12       4
         311    699.20     81.38   2439.84    290.69       4
         312    736.38     47.66   2550.43    161.20       3
         313    727.17     50.13   2509.79    177.11       3
         314    809.79     35.23   2778.40    125.04       3
         315    624.23      3.82   2159.55      9.11       2
         316    540.54     97.91   1879.22    329.20       4
         317    507.03     83.84   1777.67    287.71       4
         318    527.30    166.81   1863.00    566.44       4
         319    756.59     92.98   2665.74    313.11       4
         320    818.92     81.78   2878.45    278.18       3
         321    874.63     84.61   3079.18    284.20       3
         322    961.67    133.95   3375.09    453.30       4
         323    673.40     91.81   2411.73    314.85       4
         324    658.41     87.15   2365.01    301.49       4
         325    434.26     35.24   1582.34    120.20       3
         326    580.69    165.05   2098.68    576.84       3
         327    520.29    185.58   1876.82    644.03       4
         328    588.48     74.95   2115.32    255.69       2
         329    457.12    113.95   1654.37    397.14       3
         330    442.31     74.63   1606.99    262.56       4
         331    439.46     29.77   1599.78    108.58       3
         401    626.42    157.28   2266.35    554.86       4
         402    732.71    120.12   2648.81    423.95       3
         403    493.04     33.19   1771.31    119.96       2
         404    417.81     92.66   1507.65    323.22       4
         405    328.94     91.94   1201.03    321.54       3
         406    235.02     49.68    867.20    175.77       4
         407    214.70     22.70    791.65     80.42       3
         408    282.59     38.64   1027.92    136.09       4
         409    229.20    100.24    835.26    358.21       3
         410    253.30     14.15    923.77     46.15       3
         411    221.90     50.83    816.63    181.54       3
         412    318.71     22.11   1167.55     81.13       4
         413    391.49     42.29   1429.13    153.62       4
         414    390.11     14.06   1421.12     49.00       3
         415    355.86    116.83   1288.38    420.19       3
         416    369.81     77.66   1332.59    275.44       4
         417    334.04     39.92   1207.25    148.99       2
         418    289.06     60.10   1044.77    211.01       3
         419    253.11     63.26    924.42    225.62       4
         420    280.58     99.29   1030.31    354.26       4
         421    390.89     72.38   1407.61    254.01       4
         422    686.55     91.49   2415.36    302.20       4
         423   1139.77     65.73   3942.71    238.69       3
         424   1312.03    170.91   4517.97    574.06       4
         425   1389.47     95.71   4758.86    312.89       4
         426   1490.64     79.20   5084.04    259.69       4
         427   1249.38    119.52   4258.58    403.18       4
         428   1206.43    161.08   4121.31    526.79       4
         429    866.64    125.46   2987.40    418.85       3
         430    651.83    153.79   2253.89    513.38       4
         501    403.05    143.76   1405.17    485.21       4
         502    219.23     54.39    780.64    189.02       4
         503     95.26     63.79    352.37    226.14       4
         504     58.80     16.39    227.06     60.95       4
         505     29.77      8.51    117.44     33.13       4
         506     43.32     32.88    168.74    126.17       4
         507     45.39     16.37    179.75     63.41       3
         508     70.22     31.93    266.43    116.78       4
         509    143.83     63.04    527.81    221.48       4
         510    248.95     34.04    914.95    125.69       4
         511    465.62     28.52   1675.12     98.81       4
         512    598.67     63.32   2120.54    211.19       4
         513    833.00     62.66   2904.22    211.23       4
         514    851.19    210.80   2955.25    709.51       4
         515   1101.63    131.51   3788.00    457.06       3
         516   1295.87     32.37   4419.08    116.91       3
         517   1500.62    126.74   5100.09    414.34       4
         518   1663.40     49.22   5656.99    171.87       3
         519   1427.58    203.23   4898.76    669.20       4
         520   1691.34     78.41   5819.43    253.52       4
         521   1614.19    238.18   5570.30    798.79       4
         522   1104.47    199.60   3844.66    673.75       4
         523    607.14     71.85   2144.88    242.27       4
         524    533.91     92.38   1889.05    318.43       4
         525    338.87     62.55   1206.76    214.37       4
         526    311.01     85.19   1103.11    293.68       4
         527    565.08    411.93   1985.33   1427.98       4
         528    520.07     95.63   1819.39    328.43       4
         529    514.78     74.98   1798.40    265.44       4
         530    501.26     40.01   1739.56    134.63       4
         531    512.00     53.46   1763.00    175.64       4
         601    556.59    155.13   1922.09    508.57       4
         602    627.49    303.24   2164.79   1029.51       4
         603    523.32     47.64   1810.06    162.67       4
         604    556.40     55.54   1926.78    189.51       4
         605    518.08     82.60   1790.99    275.77       4
         606    635.14    144.80   2188.71    492.44       4
         607    581.52    100.20   2026.61    335.20       4
         608    521.13     97.68   1832.09    328.54       4
         609    572.85     95.18   2019.53    326.00       3
         610    545.90      1.90   1931.31      0.74       2
         611    648.55    122.83   2306.53    420.44       4
         612    862.75    172.72   3066.13    599.24       3
         613    739.49     45.14   2647.28    158.71       4
         614    715.85    187.53   2556.92    652.22       4
         615    638.39     71.37   2263.41    238.00       3
         616    733.22    123.36   2566.48    412.23       3
         617    647.17     59.21   2274.09    204.86       3
         618    715.15     23.63   2512.77     86.81       4
         619    697.25     63.71   2446.26    224.54       4
         620    704.45    181.94   2477.65    618.91       3
         621    499.22     53.99   1775.50    185.35       4
         622    395.62     89.25   1420.73    309.97       4
         623    392.78     68.47   1418.08    241.17       4
         624    416.85     36.27   1512.99    130.99       4
         625    524.60    100.45   1897.97    353.93       4
         626    658.88    156.41   2363.82    539.99       4
         627    743.94    142.57   2661.25    488.45       4
         628    776.01     52.65   2763.92    182.42       4
         629    655.80     72.83   2345.47    254.08       4
         630    653.48     18.37   2332.07     59.97       4
         701   1163.74    827.80   3957.34   2658.82       2
         702    448.72     34.69   1619.20    120.19       3
         703    415.27     50.11   1502.55    180.20       3
         704    426.68     58.50   1543.79    205.15       4
         705    495.16     45.53   1778.69    160.85       3
         706    586.32     79.08   2095.59    272.97       4
         707    553.92    144.21   1984.93    497.09       3
         708    787.09    304.30   2788.92   1050.42       3
         709    894.46    157.79   3149.74    524.41       4
         710   1856.86   1863.37   6128.61   5792.37       4
         711   1018.49     86.41   3526.52    289.72       4
         712   1100.17    113.81   3794.35    378.88       4
         713    892.11    147.42   3115.82    501.06       2
         714    598.19    118.02   2132.08    404.92       4
         715    582.47    103.95   2074.43    353.71       4
         716    631.22     74.97   2250.49    264.23       3
         717    834.58    101.92   2997.64    353.28       4
         718    636.56    434.32   2291.30   1560.45       4
         719    835.34    164.39   2971.35    574.05       3
         720   1246.69    218.75   4363.28    737.15       4
         721   1197.16    101.18   4178.36    348.70       4
         722   1070.12    123.63   3739.04    412.96       4
         723    991.17     86.73   3462.02    296.28       4
         724    843.43     72.63   2958.11    248.23       3
         725    776.17    128.17   2731.56    444.61       4
         726    512.35     85.64   1824.73    296.13       4
         727    318.66     33.48   1156.35    116.50       4
         728    273.84     41.87   1008.16    150.38       4
         729    262.99     27.20    969.34     96.73       4
         730    240.82     35.40    885.76    125.87       4
         731    219.44     17.27    809.73     59.72       4
         801    249.66     42.49    924.08    152.59       3
         802    224.25     25.74    834.48     87.05       4
         803    201.08     22.65    754.24     83.38       4
         804    186.98     31.07    699.48    114.32       3
         805    282.41     66.11   1039.08    234.75       4
         806    318.33     38.25   1169.16    139.40       2
         807    302.44     16.30   1119.58     60.62       4
         808    482.55     90.20   1741.55    312.10       3
         809    449.25     22.43   1619.64     76.65       4
         810    391.14     38.71   1416.28    137.80       3
         811    394.80      9.95   1432.37     36.02       3
         812    321.20     39.38   1175.77    137.89       4
         813    255.93     42.17    944.76    150.45       4
         814    399.05    200.96   1439.91    687.54       4
         815    411.71     60.67   1493.52    213.26       4
         816    407.09     51.63   1484.95    180.37       4
         817    418.60     61.96   1524.96    216.36       3
         818    434.04     51.67   1583.24    185.89       4
         819    298.83    114.33   1098.43    408.73       4
         820    255.11     38.29    941.03    143.44       4
         821    227.83     34.11    832.46    116.81       4
         822    204.93     30.82    745.73    107.37       4
         823    205.31     41.00    744.35    142.66       3
         824    159.54     86.53    579.94    302.60       4
         825    145.54      6.16    536.84     23.46       4
         826    215.23     28.75    787.33    100.97       4
         827    336.18     88.21   1213.11    311.12       3
         828    399.08     50.22   1436.24    172.19       2
         829    493.75    156.04   1773.90    539.48       3
         830    448.24     56.84   1615.84    198.87       3
         831    408.02     90.61   1480.08    319.01       3
         901    427.56     90.11   1542.16    310.57       4
         902    382.03     33.63   1378.26    117.00       3
         903    319.30     63.64   1169.62    222.90       2
         904    335.13      2.77   1225.00      8.88       2
         905    450.62   -999.00   1611.36   -999.00       1
         906    484.05    120.06   1706.33    413.54       2
         907    432.72    145.97   1521.07    506.61       4
         908    346.76    137.69   1219.17    485.10       2
         909    166.32    108.14    590.54    369.24       3
         910     36.99     16.57    135.10     56.26       2
         911      4.51      3.74     17.29     13.50       3
         912     13.80      5.18     54.36     20.04       4
         913     29.92      7.70    117.72     29.37       4
         914    226.65    142.47    805.72    485.97       4
         915    375.74    108.23   1324.63    370.96       4
         916    346.66     27.44   1235.14     99.18       3
         917    340.32     95.84   1214.94    327.81       3
         918    581.04     92.19   2021.50    296.01       4
         919   1014.71     50.14   3435.99    155.51       4
         920   1177.39    251.24   3969.25    815.39       4
         921   1589.06     28.54   5335.22     98.56       3
         922   1711.65    201.16   5745.83    654.08       4
         923   1880.12    193.52   6285.53    628.43       4
         924   1708.97     52.73   5713.10    156.45       3
         925   1258.38     91.65   4258.90    297.05       4
         926    965.31    125.54   3297.94    412.72       4
         927    787.01     98.37   2704.15    327.85       3
         928    478.32    106.28   1682.34    364.45       3
         929    440.33     51.78   1556.50    176.95       4
         930    403.98     52.38   1446.10    182.65       4
        1001    475.28     60.74   1704.00    216.98       4
        1002    563.55    157.67   2012.57    547.91       3
        1003    535.68     33.54   1918.36    114.50       4
        1004    492.87     31.52   1768.54    110.33       4
        1005    379.82     54.59   1371.72    189.88       3
        1006    256.61     68.51    935.47    243.77       3
        1007    182.33     25.33    668.61     91.60       3
        1008   1074.19   1595.75   3505.74   5097.03       3
        1009    152.27     44.26    559.52    158.60       3
        1010    146.61     22.64    539.92     75.16       3
        1011    235.07     33.95    848.21    120.13       4
        1012    208.28     37.95    768.54    146.23       2
        1013    202.77     37.73    751.24    136.01       4
        1014    165.84     37.23    614.28    131.55       3
        1015    178.75     45.50    656.65    161.30       4
        1016    142.97     51.74    530.24    183.96       4
        1017    156.49     56.21    578.52    201.43       3
        1018    190.99     66.65    706.55    239.24       4
        1019    160.67     24.49    598.74     89.02       4
        1020    309.39    110.55   1129.12    394.90       2
        1021    287.82     62.21   1045.05    225.09       3
        1022    254.67     40.64    917.80    138.86       4
        1023    171.84     40.16    628.45    143.04       3
        1024    636.92    759.82   2151.92   2482.17       3
        1025    150.21     25.76    557.04     89.80       3
        1026    127.50     41.93    473.35    149.62       4
        1027    142.42     38.44    524.80    134.38       4
        1028    155.35      3.46    572.01      8.16       2
        1029    320.09     51.43   1151.81    184.59       3
        1030    356.94     48.35   1288.33    163.50       2
        1031    340.31     19.65   1238.61     68.70       4
        1101    446.54     61.65   1623.69    216.25       4
        1102    563.85    101.76   2036.18    356.28       4
        1103    729.19    293.34   2594.34    987.45       3
        1104    584.43   -999.00   2103.26   -999.00       1
        1105    443.82    106.93   1616.16    376.49       4
        1106    360.60     54.44   1315.20    191.59       3
        1107    304.08    100.23   1110.14    354.72       2
        1108    304.63     39.96   1122.47    143.52       3
        1109    267.66     51.04    987.99    185.36       4
        1110    286.21     36.50   1049.54    127.03       4
        1111    236.99     41.78    875.97    145.79       3
        1112    225.29     22.18    824.86     77.39       3
        1113    218.42     51.96    796.19    182.32       4
        1114    574.25    579.60   1982.79   1911.67       4
        1115    319.93     21.02   1150.78     73.26       4
        1116    323.29     53.29   1161.02    187.15       2
        1117    293.37     78.22   1058.31    271.17       4
        1118    253.64     43.56    927.38    156.68       3
        1119    394.05     48.79   1414.65    169.93       4
        1120    557.64    101.10   1970.99    347.49       4
        1121    521.27     88.54   1842.82    303.24       4
        1122    471.57     76.88   1666.10    257.28       4
        1123    444.99     39.80   1576.89    134.57       3
        1124    456.93    128.90   1615.87    434.02       4
        1125    549.61     95.46   1920.37    320.74       3
        1126    577.79     47.41   2021.22    161.35       4
        1127    538.26     86.50   1901.56    300.83       3
        1128    570.73     73.45   2037.57    251.79       3
        1129    545.82     35.91   1963.49    127.07       4
        1130    490.70     95.37   1772.97    331.33       3
        1201    362.05     99.78   1315.39    347.25       3
        1202    272.40     89.89    992.37    315.13       3
        1203    241.12      7.62    889.16     17.74       2
        1204    111.15     25.67    410.91     90.56       3
        1205     93.08      8.04    346.36     30.18       3
        1206    125.55     24.22    459.67     85.54       4
        1207    161.13     26.11    589.51     88.68       4
        1208    102.92     10.01    380.54     37.79       4
        1209     82.28     28.25    305.34    102.21       4
        1210     60.42   -999.00    226.23   -999.00       1
        1211    101.51     34.92    380.36    127.59       4
        1212    165.39     74.42    611.76    260.39       4
        1213    226.25     36.16    827.82    130.01       4
        1214    249.59     58.10    916.80    209.07       3
        1215    443.55     63.93   1606.09    225.00       3
        1216    375.24     65.93   1370.89    228.37       3
        1217    490.98    249.39   1761.59    840.50       4
        1218    233.53     37.16    862.39    130.24       4
        1219    232.31     14.89    852.59     52.74       4
        1220    316.35     80.36   1143.79    280.19       3
        1221    306.91    149.74   1103.26    523.60       2
        1222    417.15     52.31   1485.17    175.09       2
        1223    467.10     45.91   1657.62    152.37       3
        1224    522.03     15.17   1837.12     56.68       3
        1225    388.47    142.38   1386.14    489.50       2
        1226    474.15     46.50   1689.85    159.59       3
        1227    432.73     49.47   1547.22    173.84       3
        1228    511.05     68.20   1801.01    227.83       2
        1229    452.92    189.18   1594.77    642.57       4
        1230    643.00    145.96   2233.58    492.89       4
        1231    685.09     15.73   2368.47     58.25       2
