Tue Dec  2 10:03:37 2014   calc_USAF_spotindex_Nov12.pro
SSB:1999 AREA-DEP & AREA-INDEP CONTRASTS & SDEVS: BOL EXCESS=0.324
      990101    344.26     74.01   1196.50    256.70       3
      990102    243.67     21.37    853.09     75.66       3
      990103    154.85      9.86    547.85     32.58       3
      990104     90.00     32.90    329.65    116.93       4
      990105    137.18     12.66    502.31     42.65       4
      990106    113.63     30.51    414.23    109.38       4
      990107    103.69     42.70    384.88    154.49       4
      990108     56.75      2.36    215.49      8.84       4
      990109     56.37     16.88    214.35     62.28       4
      990110     46.50     15.79    178.00     58.23       4
      990111     30.39     13.09    115.35     50.47       3
      990112     51.24      9.07    193.22     32.09       3
      990113     94.77     16.47    348.93     58.08       3
      990114    170.79     41.34    618.66    144.33       4
      990115    257.07     82.87    921.03    282.58       4
      990116    337.35     76.77   1201.80    263.98       4
      990117    337.11     62.15   1207.09    210.42       3
      990118    421.73     40.88   1505.48    139.58       3
      990119    403.92     98.76   1441.39    339.12       4
      990120    396.33     45.49   1408.07    158.96       3
      990121    374.73    100.32   1324.07    340.96       4
      990122    361.57    117.96   1275.59    397.29       4
      990123    197.12     76.36    704.87    266.60       4
      990124     94.81     40.66    347.37    146.50       3
      990125     45.37     19.26    169.59     73.73       3
      990126     20.36     11.39     76.91     42.91       4
      990127     13.12     10.68     50.02     40.27       3
      990128     16.03      6.74     64.05     26.71       4
      990129     11.49      0.06     45.37      1.24       2
      990130     43.47      7.54    157.45     26.01       3
      990131     34.79      5.40    128.18     20.75       3
      990201     10.27      0.33     40.31      1.72       2
      990202     14.19      4.40     56.00     16.84       2
      990203     35.90     23.13    133.14     81.64       4
      990204     97.05    127.69    342.58    437.57       4
      990205     11.40      6.00     44.55     22.66       3
      990206     24.89     10.71     95.66     39.20       4
      990207     13.33     11.83     52.11     45.06       4
      990208     32.47     13.20    122.94     49.05       4
      990209     89.18     20.74    320.18     73.73       4
      990210    229.83    112.71    810.92    387.33       3
      990211    467.23     30.72   1631.23    105.84       3
      990212    630.55     74.82   2203.36    256.74       3
      990213    855.75     34.68   2974.71    122.24       3
      990214   1055.00    267.72   3665.37    913.04       3
      990215   1121.00    309.67   3901.94   1043.64       3
      990216    908.68    116.20   3181.26    404.94       3
      990217    660.67    115.24   2339.22    390.51       2
      990218    524.12    122.86   1855.49    432.65       3
      990219    374.06     93.33   1329.79    328.28       3
      990220    223.48    122.66    801.65    429.95       3
      990221    126.89     48.14    469.27    170.90       3
      990222     61.94     44.22    235.36    165.05       3
      990223     47.04     16.05    176.30     58.33       2
      990224     40.29     10.90    152.74     40.08       3
      990225    103.39    114.95    365.20    395.58       2
      990226     58.50     23.00    222.25     85.74       2
      990227     70.70      9.22    268.64     35.17       3
      990228     92.75     17.43    347.36     63.38       3
      990301    122.97     11.54    456.17     35.99       2
      990302    205.44     51.80    751.11    184.39       3
      990303    259.66     24.07    947.18     79.74       3
      990304    288.26     10.97   1039.70     25.97       2
      990305    251.61      1.37    903.09     14.74       3
      990306    192.44     51.26    693.13    178.31       3
      990307    124.76     53.81    458.12    190.63       3
      990308    171.68     26.75    626.57     99.63       3
      990309    108.89     45.10    399.20    157.18       2
      990310    190.65     59.32    684.85    203.41       3
      990311    238.83     53.71    852.75    184.70       3
      990312    266.15     61.04    949.71    208.94       3
      990313    324.59     73.01   1147.34    246.89       3
      990314    422.29     22.81   1484.85     76.05       3
      990315    422.30     34.41   1483.78    114.03       3
      990316    438.24     64.52   1541.32    224.33       3
      990317    343.83     34.78   1215.20    124.54       3
      990318    241.68   -999.00    873.59   -999.00       1
      990319    188.02     31.37    692.55    115.82       3
      990320     92.85     36.37    352.18    133.74       3
      990321     78.44     21.77    300.49     80.23       2
      990322     21.40      3.08     83.69     10.12       2
      990323     15.52      0.82     59.49      2.10       2
      990324     47.83      6.16    180.85     22.60       3
      990325     73.19   -999.00    272.81   -999.00       1
      990326     45.61     16.78    171.90     61.00       3
      990327     57.39      7.29    215.59     26.24       3
      990328     68.19     10.31    257.35     37.68       3
      990329     72.20     18.42    272.32     65.31       4
      990330     61.73     17.28    234.12     61.31       2
      990331     60.34     10.58    228.78     40.48       3
      990401     69.15     19.94    258.46     72.58       4
      990402     54.40     21.63    203.58     79.97       3
      990403     61.09     15.37    230.88     56.91       4
      990404    106.77     38.63    397.03    138.06       4
      990405    293.61    204.56   1044.66    707.98       2
      990406    204.66     72.49    740.32    249.14       4
      990407    222.56     20.09    810.64     72.65       3
      990408    218.81     35.82    797.57    126.26       4
      990409    209.33     39.12    771.51    137.59       3
      990410    249.07     30.28    909.90    105.00       4
      990411    203.92     23.39    752.39     83.75       3
      990412    136.02     38.01    511.72    139.47       4
      990413     97.22     35.07    371.19    128.09       3
      990414   -999.00   -999.00   -999.00   -999.00       0
      990415   -999.00   -999.00   -999.00   -999.00       0
      990416     87.59     28.88    330.38    106.85       2
      990417     84.64     36.25    319.26    134.25       2
      990418     66.07     18.53    249.28     68.32       4
      990419    102.33     22.94    380.61     81.91       4
      990420    121.81     22.28    447.79     79.80       4
      990421    126.17      9.31    461.99     33.92       4
      990422    134.10     21.59    489.29     74.26       3
      990423    124.90      5.30    455.89     16.65       3
      990424     74.50     18.71    276.00     66.92       4
      990425    105.49     33.74    389.60    120.02       3
      990426    174.13     41.86    633.77    147.45       4
      990427   -999.00   -999.00   -999.00   -999.00       0
      990428    224.73     25.79    804.49     90.53       3
      990429    216.76     25.94    772.99     83.80       4
      990430    218.92     75.46    783.28    267.18       4
      990501     74.34     15.79    264.41     55.36       4
      990502    133.62     34.06    479.01    122.61       3
      990503    141.78     22.79    510.26     77.69       3
      990504    149.28     22.95    544.06     78.46       4
      990505    151.58     18.31    559.35     66.47       4
      990506    169.78     56.58    622.62    201.31       4
      990507    383.45    316.41   1341.22   1040.60       3
      990508    353.35     88.76   1285.34    315.57       4
      990509    327.41     57.10   1187.02    198.53       4
      990510    370.09     29.75   1332.83     97.12       4
      990511    382.54     88.74   1384.09    310.96       2
      990512    325.16      9.73   1177.80     37.95       4
      990513    321.82    112.49   1153.67    390.59       3
      990514    296.48     79.37   1065.67    276.87       4
      990515    314.40     41.32   1130.98    138.37       4
      990516    314.75     41.03   1133.19    138.73       4
      990517    349.65     72.65   1250.05    250.20       4
      990518    298.44     28.39   1070.58    102.34       3
      990519    277.21     10.30    995.77     39.48       2
      990520   -999.00   -999.00   -999.00   -999.00       0
      990521    411.35    113.03   1468.60    388.18       4
      990522    406.36    160.75   1448.43    554.36       4
      990523    303.34     28.99   1090.23    101.44       3
      990524    328.81    108.33   1177.10    371.13       4
      990525    222.97     95.40    804.03    346.87       4
      990526    284.88     89.98   1027.35    313.01       4
      990527    294.50     81.63   1060.01    285.06       4
      990528    343.92     23.28   1216.49     87.44       3
      990529    361.01     58.41   1297.41    215.56       3
      990530    519.23     67.45   1835.94    230.21       3
      990531    508.41    103.89   1816.06    351.02       2
      990601    503.84     98.25   1768.77    328.16       3
      990602    664.56    179.14   2321.67    600.15       4
      990603    713.91    122.29   2485.54    404.78       4
      990604    534.03    111.26   1878.34    378.32       4
      990605    448.53     68.57   1588.20    236.31       3
      990606    326.05     46.75   1182.17    164.35       4
      990607    393.29     78.80   1416.75    269.17       4
      990608    381.65     49.55   1382.64    169.59       3
      990609    459.21     74.39   1666.77    265.49       3
      990610    499.40     35.02   1802.62    124.48       4
      990611    439.96     79.44   1591.78    273.05       3
      990612    522.89    210.65   1875.85    728.68       4
      990613    532.55     33.23   1910.36    115.49       3
      990614    632.56    192.32   2251.40    663.33       4
      990615    481.10     66.18   1727.49    232.52       4
      990616    396.56     66.70   1430.33    226.87       4
      990617    344.83     73.83   1247.65    251.72       3
      990618    215.53     56.95    786.90    201.83       4
      990619    196.68     41.20    717.65    147.40       3
      990620    166.38     19.42    601.15     68.52       4
      990621    180.25     37.30    654.55    134.56       4
      990622    251.26     42.42    917.04    157.09       3
      990623    298.45     35.04   1090.72    127.72       3
      990624    514.37     64.71   1855.58    223.42       3
      990625    860.26    266.77   3023.66    886.39       2
      990626    846.85    100.00   3004.83    344.13       3
      990627    968.83    211.23   3424.11    733.29       3
      990628    649.89    186.09   2334.02    644.79       3
      990629    638.48    145.31   2298.64    507.11       3
      990630    459.09     41.45   1664.44    148.20       3
      990701    540.00    158.19   1933.84    552.62       3
      990702    497.83    106.65   1770.32    366.14       3
      990703    510.20    126.11   1810.29    428.50       4
      990704    494.00    121.79   1757.62    415.59       4
      990705    851.32    509.98   2934.13   1649.26       3
      990706    654.67     31.63   2301.86    108.03       4
      990707    611.94    117.22   2163.22    396.45       3
      990708    404.55     83.00   1458.55    289.28       3
      990709    354.05     83.09   1287.80    291.19       4
      990710    281.90     64.10   1028.08    226.07       3
      990711    363.32     71.88   1312.87    250.71       4
      990712    376.19     78.68   1356.76    273.40       4
      990713    381.25     67.08   1367.49    231.97       4
      990714    240.91     42.70    880.75    151.28       3
      990715    235.56     46.69    861.29    164.52       3
      990716    276.78    104.36   1003.19    369.43       3
      990717    170.50     59.47    624.67    210.96       3
      990718   -999.00   -999.00   -999.00   -999.00       0
      990719   -999.00   -999.00   -999.00   -999.00       0
      990720   -999.00   -999.00   -999.00   -999.00       0
      990721    237.10     10.24    841.03     34.46       4
      990722    477.60     86.83   1667.85    291.34       4
      990723    583.75    152.29   2025.83    504.50       3
      990724    520.15     86.83   1821.43    291.86       2
      990725    501.47     53.93   1758.23    180.13       3
      990726    471.93     77.91   1658.19    263.87       3
      990727    557.51     67.92   1956.82    227.48       4
      990728    556.15    119.66   1964.35    404.50       4
      990729    511.87     70.32   1805.28    244.20       3
      990730    535.30     83.20   1878.87    279.15       3
      990731    448.08     71.62   1572.23    239.24       4
      990801    922.37    177.75   3182.61    577.93       4
      990802   1221.82    214.40   4137.56    696.46       3
      990803    966.32    273.71   3312.61    899.46       4
      990804    802.57    328.12   2764.97   1092.53       4
      990805    507.63    129.39   1767.73    441.22       4
      990806    321.87     55.03   1126.51    181.60       4
      990807    241.20     62.40    859.05    213.76       4
      990808    163.13     32.46    596.59    117.23       4
      990809    177.61     28.21    640.60     96.60       4
      990810    176.22     39.04    629.18    134.63       3
      990811    202.29     34.89    719.08    118.70       3
      990812    130.51     29.10    474.16    100.00       3
      990813    110.69     48.72    400.72    170.34       2
      990814     97.14      2.78    350.83     13.82       3
      990815    130.16     17.44    466.87     64.67       4
      990816    169.86     25.02    601.48     83.96       4
      990817    194.94     42.28    688.85    143.01       4
      990818    272.08     34.21    957.55    119.26       4
      990819    253.22     31.99    896.26    109.21       4
      990820    249.17     48.67    882.85    165.70       4
      990821    267.42     24.70    945.71     83.35       4
      990822    366.95    142.72   1283.54    486.67       2
      990823   -999.00   -999.00   -999.00   -999.00       0
      990824    459.18     50.97   1604.52    171.52       3
      990825    416.18     31.18   1467.50    103.44       3
      990826    575.18     75.37   2011.04    261.65       3
      990827    750.38     77.46   2596.22    260.01       4
      990828    775.33    155.72   2706.74    546.29       3
      990829    752.69    120.14   2644.94    402.66       4
      990830    559.70     58.57   1987.11    207.52       4
      990831    346.01     62.59   1249.79    217.18       3
      990901    237.46     65.89    869.62    230.30       4
      990902    126.04     15.40    470.10     55.32       4
      990903     74.82     22.67    286.38     85.63       4
      990904     65.88     21.61    251.04     80.19       4
      990905     71.61      9.59    272.15     35.29       4
      990906     55.64     12.80    213.22     48.51       3
      990907     57.30     22.96    218.22     85.24       3
      990908     68.68     11.04    255.45     41.29       3
      990909    113.72     35.02    412.41    124.59       3
      990910    161.70     19.15    582.17     65.54       3
      990911    215.22     39.71    783.02    138.20       3
      990912    271.79     54.35    990.36    190.98       4
      990913    399.97     27.51   1443.24     94.90       3
      990914    444.23     34.82   1595.43    120.19       4
      990915    444.07     78.88   1594.43    276.09       4
      990916    432.51     93.11   1543.19    321.00       3
      990917    308.60     62.39   1112.25    217.52       3
      990918    190.21     63.57    697.42    227.33       4
      990919    132.56     40.71    484.29    146.03       4
      990920    108.04     33.97    397.84    121.00       4
      990921    114.78     26.91    422.10     97.32       4
      990922    120.72     16.45    447.30     58.02       4
      990923    131.42     11.93    486.12     40.15       3
      990924    136.31     14.98    502.78     51.98       4
      990925    107.76     17.21    397.76     59.90       3
      990926     88.46     15.96    326.35     56.97       3
      990927     68.09     15.62    253.11     56.34       4
      990928     58.02     16.20    220.04     61.78       2
      990929     50.60     13.48    194.11     51.05       3
      990930     30.61      5.26    120.17     19.60       4
      991001     23.02      4.46     91.11     17.18       3
      991002     32.50      9.61    124.05     38.46       4
      991003     70.94     14.37    262.90     54.24       3
      991004    150.51     39.76    550.31    140.87       4
      991005    264.78     27.92    974.86     98.69       4
      991006    311.27     62.91   1146.50    222.90       4
      991007    295.70     54.27   1095.24    196.83       4
      991008    284.37     72.92   1051.52    267.89       3
      991009   -999.00   -999.00   -999.00   -999.00       0
      991010   -999.00   -999.00   -999.00   -999.00       0
      991011   -999.00   -999.00   -999.00   -999.00       0
      991012   -999.00   -999.00   -999.00   -999.00       0
      991013    942.08   -999.00   3278.91   -999.00       1
      991014    665.66    145.23   2332.73    490.62       2
      991015    958.15    161.51   3309.78    530.33       2
      991016   -999.00   -999.00   -999.00   -999.00       0
      991017   1203.47   -999.00   4096.00   -999.00       1
      991018    828.65   -999.00   2837.95   -999.00       1
      991019    461.89     19.27   1614.58     67.33       2
      991020    295.37    126.29   1054.68    428.52       2
      991021    243.63     14.21    876.63     49.92       3
      991022    302.58     67.42   1074.85    228.56       3
      991023    392.84    115.10   1381.17    391.76       4
      991024    486.63     97.65   1711.22    329.60       4
      991025    703.02    216.27   2444.22    727.03       4
      991026    914.91     96.04   3154.33    303.56       4
      991027    801.49    112.84   2795.19    382.46       4
      991028    762.82     91.04   2666.20    313.58       3
      991029    705.05    110.56   2492.11    375.04       3
      991030   -999.00   -999.00   -999.00   -999.00       0
      991031    421.90     47.01   1534.18    162.52       4
      991101    388.81    129.78   1412.63    453.68       3
      991102    376.58    122.46   1374.26    450.91       3
      991103    217.76      0.56    795.40      3.41       2
      991104    215.56     41.19    787.81    144.93       3
      991105    249.64    130.73    907.73    458.91       3
      991106    196.12    100.55    720.15    351.48       3
      991107    240.97     73.27    877.72    256.12       3
      991108    417.68     79.08   1494.93    270.94       3
      991109    761.63     66.27   2681.03    222.85       3
      991110   1022.27    124.69   3564.88    418.93       2
      991111   1051.62    294.82   3669.19   1017.41       2
      991112    806.46     57.39   2825.10    194.93       3
      991113    807.58     97.43   2820.46    327.61       3
      991114    777.95    162.81   2717.53    546.40       3
      991115    920.49     20.46   3196.72     42.19       2
      991116   1029.68      7.95   3570.57     55.94       2
      991117   1303.02     11.54   4473.89     40.64       2
      991118   1306.89    122.86   4482.29    415.83       3
      991119   1081.14     62.13   3734.91    207.54       3
      991120    723.23    229.56   2528.04    795.16       3
      991121    506.24     23.72   1783.37     79.89       3
      991122    465.89     24.74   1655.95     76.99       2
      991123    502.51     57.51   1754.58    180.27       2
      991124    487.67    108.62   1699.74    363.18       4
      991125    455.81    104.04   1587.79    354.34       4
      991126    363.09    139.18   1274.66    474.29       4
      991127    293.68     63.06   1049.89    219.15       4
      991128    258.48     17.15    934.50     59.75       3
      991129    265.66     46.43    956.85    159.95       3
      991130    287.16     67.60   1031.40    230.35       3
      991201    300.34     92.76   1075.53    322.72       2
      991202    275.03    133.42    976.92    459.61       3
      991203    210.38      8.44    759.36     22.32       2
      991204    228.79     52.09    811.95    176.82       4
      991205    285.70     34.78   1008.31    121.53       3
      991206    389.28     79.59   1366.85    273.98       4
      991207    460.41     90.36   1608.91    304.89       3
      991208    526.80     95.98   1837.99    328.50       4
      991209    539.45     62.87   1895.64    222.39       4
      991210    484.34     54.06   1729.51    184.24       3
      991211    386.74     41.26   1385.83    149.24       2
      991212    236.50     46.65    853.11    166.13       4
      991213    122.78     40.98    446.51    143.49       3
      991214    107.53     27.38    401.69    100.48       3
      991215    174.20     52.28    631.82    175.61       3
      991216    302.23     83.12   1071.74    279.11       3
      991217    461.84    136.56   1614.15    461.37       3
      991218    534.67     75.54   1870.29    259.19       3
      991219   1595.86   1760.47   5211.17   5457.80       4
      991220    895.36    130.54   3081.59    436.56       4
      991221    960.70    135.52   3307.24    448.54       3
      991222   1005.34    155.17   3451.83    511.89       2
      991223   1056.03    198.29   3605.02    657.36       4
      991224    851.18     90.61   2920.93    289.48       2
      991225    687.85     69.54   2362.93    223.28       3
      991226    588.19     57.84   2021.29    191.72       4
      991227    458.52     24.34   1582.77     82.50       2
      991228    269.50     90.01    946.19    307.83       3
      991229    203.09     41.56    720.53    146.03       3
      991230    173.95      8.10    617.86     26.90       4
      991231    210.80     14.79    751.36     54.15       4
