Wed Dec 10 12:58:54 2014   calc_USAF_spotindex_Nov12.pro
SSB:2011 AREA-DEP & AREA-INDEP CONTRASTS & SDEVS: BOL EXCESS=0.324
      110101     97.43     25.04    357.97     89.07       3
      110102    109.59   -999.00    402.40   -999.00       1
      110103    163.94   -999.00    596.30   -999.00       1
      110104    166.96     12.76    605.73     45.91       2
      110105    106.81     20.47    390.51     71.77       3
      110106    130.05     31.10    473.94    114.82       2
      110107     77.65     11.89    284.66     41.65       3
      110108     77.68      4.96    285.19     14.80       2
      110109     66.98     25.85    246.48     92.75       3
      110110     39.36      2.24    146.02      7.88       2
      110111     32.23     22.38    117.65     77.41       3
      110112      9.62      4.81     36.86     17.23       2
      110113      4.77      0.07     19.27      0.29       2
      110114   -999.00   -999.00   -999.00   -999.00       0
      110115      7.56   -999.00     27.60   -999.00       1
      110116     13.86      2.52     50.53      8.78       3
      110117     37.47      3.37    138.65     12.17       3
      110118     63.93     14.12    233.63     49.44       3
      110119     60.49      3.28    221.66     11.27       2
      110120     98.42     13.46    354.56     46.49       2
      110121     90.16   -999.00    334.46   -999.00       1
      110122    122.16     19.35    446.76     67.64       3
      110123    130.76     22.45    474.14     77.76       3
      110124    143.28    102.51    518.80    365.74       3
      110125     58.18      9.75    212.75     33.47       2
      110126     68.07     22.05    244.11     77.94       3
      110127      2.74      1.55     10.57      5.96       2
      110128      8.24   -999.00     32.35   -999.00       1
      110129     16.64      4.48     62.95     15.60       3
      110130     25.50     13.66     94.88     49.47       2
      110131     31.19      5.55    116.65     20.27       2
      110201     42.09     19.33    156.23     69.05       2
      110202     49.91   -999.00    185.16   -999.00       1
      110203     24.71      3.26     97.89     12.19       3
      110204     38.63     37.22    148.24    141.32       2
      110205     27.91     10.02    106.61     36.45       3
      110206     18.86     13.22     74.33     50.77       2
      110207      8.41      1.76     32.45      6.34       3
      110208     22.49      4.64     86.32     19.10       3
      110209     72.27     66.58    270.83    244.57       3
      110210     35.76     11.25    136.11     42.27       3
      110211     48.71     12.51    188.10     46.20       3
      110212     76.31     36.20    288.43    133.23       3
      110213    143.95     67.70    525.40    235.62       3
      110214    259.02    147.53    915.49    503.47       3
      110215    417.82     99.06   1452.34    332.92       2
      110216    368.30    159.75   1285.51    540.02       2
      110217    202.52     15.77    722.74     53.96       2
      110218    312.09     56.10   1106.67    185.03       2
      110219    281.91     45.20   1005.26    153.43       2
      110220    240.76     39.68    858.82    139.95       3
      110221    157.54     39.15    564.73    135.39       3
      110222    108.06     15.88    388.14     57.19       3
      110223     24.91     15.25     91.23     56.10       2
      110224     31.57   -999.00    110.26   -999.00       1
      110225     14.53      4.46     53.95     17.52       2
      110226     25.74      4.85     96.73     17.08       2
      110227     44.73      0.73    163.82      1.23       3
      110228    106.47     75.78    382.53    264.83       2
      110301    261.27    150.34    914.59    507.50       2
      110302    262.19     77.18    913.50    259.53       3
      110303    257.30     34.02    901.54    112.93       3
      110304    431.42     44.78   1496.88    153.69       2
      110305    641.19     52.84   2206.30    179.38       2
      110306    475.44    122.67   1654.14    404.42       2
      110307    550.82    132.99   1905.38    438.49       2
      110308    549.67    191.98   1904.85    638.16       3
      110309    533.99    138.41   1850.94    460.26       3
      110310    474.68     80.37   1645.60    267.01       3
      110311    505.04    153.35   1746.14    514.48       3
      110312    482.80    125.17   1665.59    416.32       3
      110313    340.79    221.72   1184.31    754.86       2
      110314    222.95    170.46    776.25    577.87       2
      110315     90.23     29.64    320.51    104.10       3
      110316     37.22      4.01    136.56     13.64       3
      110317     36.33      5.16    136.11     17.35       3
      110318     22.94      4.23     89.42     16.11       3
      110319     47.17      5.02    180.22     22.45       2
      110320     77.77     59.97    284.01    214.47       2
      110321     63.39     12.62    228.89     43.93       3
      110322     79.19     22.80    281.96     79.07       3
      110323    139.45     62.24    490.44    220.93       3
      110324    166.70   -999.00    592.03   -999.00       1
      110325    217.74      2.82    769.35      8.57       2
      110326    298.73     78.18   1063.35    266.01       3
      110327    336.54    125.77   1198.02    428.14       3
      110328    227.19     56.18    823.20    194.93       3
      110329    243.60     48.20    879.72    167.11       3
      110330    295.31     50.60   1059.45    175.57       3
      110331    142.73     18.64    521.98     69.59       2
      110401    176.48     18.98    633.08     65.19       2
      110402    124.37     24.45    455.86     85.21       3
      110403    129.06     23.35    474.54     82.76       3
      110404    152.16      8.95    554.44     31.31       3
      110405    124.50     34.97    456.29    124.61       3
      110406    303.25    383.22   1051.32   1294.08       3
      110407     99.61     17.65    366.43     61.03       3
      110408     88.52      9.04    330.50     34.52       3
      110409     66.97      1.90    257.00      8.12       2
      110410     76.54     13.31    288.25     48.32       2
      110411    104.68     49.52    390.87    178.87       3
      110412    130.21     20.68    484.32     72.66       3
      110413    188.86     48.20    695.43    165.97       2
      110414    251.57     42.88    907.39    147.41       3
      110415    415.59     74.28   1463.49    249.31       3
      110416    430.43     48.49   1518.29    161.15       2
      110417    401.62    182.46   1416.55    629.84       3
      110418    306.45     83.55   1085.62    285.19       3
      110419    257.64     49.40    914.43    170.10       3
      110420    239.85     48.57    859.97    180.97       3
      110421    223.40     53.12    796.13    182.57       3
      110422    235.76     59.56    840.82    203.12       3
      110423    278.21     85.31    985.56    292.45       3
      110424    286.77     52.65   1012.38    177.32       3
      110425    285.79     91.96   1006.75    316.67       3
      110426    146.83   -999.00    532.36   -999.00       1
      110427    183.04     15.21    659.52     53.62       2
      110428    138.78     33.40    502.43    116.43       3
      110429    122.75     35.17    444.61    123.11       3
      110430    103.57     12.93    375.98     43.36       2
      110501     85.89      7.95    316.51     33.20       2
      110502     69.52      4.00    260.34     14.29       3
      110503    139.72     44.01    517.69    158.07       3
      110504    162.41   -999.00    600.63   -999.00       1
      110505    128.43      1.47    478.39      0.33       2
      110506    162.17     14.07    590.87     48.98       3
      110507    103.38     18.47    380.04     65.20       3
      110508     81.62     27.44    303.71     97.37       3
      110509    122.66     31.84    455.53    111.73       3
      110510     83.17     19.88    313.91     71.62       3
      110511     63.30      9.04    240.72     33.98       3
      110512     33.98     15.51    132.28     60.33       2
      110513     21.58      8.91     84.98     34.79       2
      110514     48.00     24.57    184.04     90.91       2
      110515     55.04     17.75    208.63     63.49       3
      110516     69.79     24.89    260.73     91.75       3
      110517     68.22     20.59    255.08     74.86       3
      110518     71.18      5.46    263.88     20.24       3
      110519     74.62     32.31    275.97    116.89       3
      110520     71.62     15.01    264.65     54.98       3
      110521     58.88     11.06    219.43     40.70       3
      110522     53.75     15.72    202.80     55.62       3
      110523     45.57     15.09    171.35     55.70       3
      110524     33.97     26.39    126.29     95.57       3
      110525     24.86      7.62     94.59     28.18       3
      110526     51.47     17.96    193.95     64.22       3
      110527     59.91     10.63    227.31     37.65       3
      110528    112.86     36.92    414.65    130.68       3
      110529    160.80     56.93    580.66    199.32       3
      110530    230.07     81.15    827.67    281.23       3
      110531    243.55     57.10    882.05    200.50       2
      110601    190.02     54.19    701.57    192.92       3
      110602    297.07    106.35   1083.50    376.51       3
      110603    261.29    224.36    948.01    791.38       2
      110604    224.04     15.39    820.52     49.33       2
      110605    118.08     32.52    443.49    117.77       2
      110606    118.80     19.33    445.84     68.31       2
      110607     72.33      8.02    273.81     29.12       3
      110608     44.09     15.43    168.51     57.40       3
      110609     24.93     17.72     95.69     65.93       3
      110610     14.55      4.50     57.07     17.03       3
      110611     17.99      6.67     70.18     25.49       3
      110612     16.63      7.01     63.75     25.75       3
      110613      9.18      3.12     36.26     11.85       3
      110614     73.38     62.72    267.52    222.54       3
      110615    124.55     73.95    445.61    256.39       2
      110616    167.01     77.25    592.88    268.96       3
      110617   1384.89   2135.03   4482.71   6820.74       3
      110618    202.65     59.29    719.21    203.93       3
      110619    176.41     82.34    627.22    283.05       3
      110620    165.20     20.22    589.35     69.74       3
      110621    142.17     39.11    516.01    135.81       3
      110622     96.82     24.10    355.96     85.06       3
      110623    101.43     16.85    375.69     61.05       3
      110624    304.35    338.18   1045.33   1112.63       3
      110625     34.65     16.69    132.08     63.03       2
      110626     22.41     15.39     84.89     57.20       3
      110627      8.25      1.15     32.66      4.06       3
      110628     13.13      7.54     51.39     28.22       3
      110629     65.66     73.18    240.99    263.29       2
      110630     57.14     10.45    214.45     38.13       3
      110701     61.98     10.82    234.60     39.53       3
      110702     64.12     14.60    241.31     54.05       3
      110703     77.46     26.21    288.44     94.87       3
      110704     72.45      4.26    268.98     15.63       2
      110705     71.11     21.57    262.19     75.64       2
      110706     55.86     22.57    205.80     80.26       3
      110707     33.37     17.77    123.94     64.19       3
      110708     40.48     13.34    156.77     50.53       2
      110709     32.60      5.17    125.97     20.19       2
      110710     42.07      3.09    162.80     10.24       2
      110711    107.74     40.24    402.12    145.36       3
      110712    111.23     34.12    412.62    124.97       3
      110713    125.65     51.76    460.68    181.63       3
      110714     97.20     19.95    361.55     71.84       3
      110715    111.92     14.34    416.74     52.05       2
      110716    109.65     28.35    410.57    101.69       3
      110717    123.07     21.09    465.91     77.40       3
      110718    151.14     64.35    564.20    234.11       3
      110719    136.39     74.08    507.45    269.55       3
      110720    114.96     21.97    424.17     76.16       3
      110721    105.56     28.61    388.60    100.86       3
      110722     61.10     16.22    229.68     58.77       2
      110723     44.51   -999.00    168.50   -999.00       1
      110724     17.69      8.29     69.58     31.82       3
      110725     22.65     22.13     88.53     85.55       3
      110726     63.04     43.79    230.42    155.89       3
      110727     98.00     37.43    356.26    129.73       3
      110728    217.71     31.37    774.45    106.74       3
      110729    382.33     53.76   1347.50    183.88       3
      110730    586.93    231.72   2051.69    782.97       3
      110731    596.22     47.08   2092.58    157.93       3
      110801    642.85     37.40   2252.64    128.72       2
      110802    798.77    108.74   2768.79    366.91       3
      110803    578.31    123.19   2019.01    419.02       3
      110804    626.32    309.12   2165.03   1037.55       3
      110805    466.67     99.54   1624.00    334.63       3
      110806    284.77     43.86   1004.10    152.09       3
      110807    252.34     56.14    888.79    197.18       3
      110808    164.85      8.13    590.10     30.20       3
      110809     81.29     35.44    295.89    122.71       3
      110810     26.33     14.82     99.94     53.76       3
      110811     12.14      4.68     48.29     18.25       3
      110812     13.04      2.67     51.48     10.22       3
      110813     13.21      5.98     51.80     21.92       2
      110814   -999.00   -999.00   -999.00   -999.00       0
      110815      7.60      3.35     27.70     11.86       2
      110816     47.94     33.97    173.95    125.69       2
      110817     98.96     62.18    353.44    216.09       3
      110818    145.32     89.50    519.00    307.12       3
      110819    191.02     99.35    678.48    339.09       3
      110820    181.70     23.09    649.51     81.91       3
      110821    217.28     28.11    781.32     98.79       3
      110822    237.00      4.35    848.42     16.59       3
      110823    210.39     34.09    757.47    119.02       3
      110824    125.78     43.86    454.68    152.67       3
      110825     73.93     23.10    274.01     85.22       3
      110826     95.54     36.67    358.95    136.38       3
      110827     90.99     28.25    342.52    103.81       3
      110828     72.44     34.55    275.20    127.50       3
      110829     94.22     10.87    352.27     41.79       3
      110830    112.57     14.81    425.31     53.66       3
      110831    192.20     15.29    717.97     55.18       3
      110901    297.20    143.70   1082.64    504.58       3
      110902    330.42     71.63   1196.37    244.37       3
      110903    198.19     59.43    725.76    212.44       3
      110904    201.22     15.54    732.03     51.42       3
      110905    208.84     63.52    755.10    223.53       3
      110906    225.33     81.18    806.16    277.72       3
      110907    213.79   -999.00    767.28   -999.00       1
      110908    209.19     78.72    746.38    270.20       3
      110909    256.77     13.46    915.58     44.00       3
      110910    302.86     47.63   1074.86    166.77       3
      110911    338.36     83.76   1194.59    289.68       3
      110912    252.46     32.16    909.23    115.42       2
      110913    333.25    121.69   1192.82    422.53       3
      110914    396.99    108.34   1426.94    376.67       3
      110915    388.05     30.50   1401.93    108.88       3
      110916    455.49    133.59   1637.93    466.06       3
      110917    444.74    148.17   1592.80    512.96       3
      110918    442.07    125.65   1583.92    435.06       3
      110919    304.63      1.35   1099.65     10.89       2
      110920    281.32     66.77   1008.36    227.74       3
      110921    268.94     65.69    953.37    223.95       3
      110922    201.20     64.38    715.66    218.35       3
      110923    306.77     53.89   1065.99    179.05       3
      110924    360.19    112.05   1240.39    367.77       3
      110925    486.38     43.38   1668.74    145.66       3
      110926    551.62     78.51   1893.03    258.20       2
      110927    691.66    113.08   2357.71    371.18       2
      110928   1149.19    609.44   3908.78   2071.27       3
      110929    624.97   -999.00   2160.61   -999.00       1
      110930    563.87    122.30   1957.88    408.89       3
      111001    520.86    133.60   1821.93    455.47       3
      111002    363.90     96.00   1292.36    328.12       3
      111003    261.14     80.14    938.18    282.74       2
      111004    256.26     46.63    932.16    161.07       3
      111005    237.05     78.04    862.49    275.77       3
      111006    245.98     78.47    896.17    279.20       3
      111007    253.70     51.31    921.09    181.50       3
      111008    192.90     63.49    702.91    231.29       2
      111009    226.16     27.85    824.86     98.14       3
      111010    273.72     44.68    992.66    162.72       2
      111011    401.59     14.78   1443.73     56.51       2
      111012    421.91     10.89   1515.82     30.88       2
      111013    580.17     89.14   2080.29    311.16       3
      111014    604.08     77.50   2162.92    273.39       3
      111015    714.25    137.35   2534.43    460.14       2
      111016    636.65    207.97   2254.77    705.66       2
      111017    566.51     13.17   2016.43     48.62       3
      111018    421.47     91.19   1512.13    312.72       3
      111019    340.78    134.24   1221.65    466.18       2
      111020    343.84     29.25   1230.17    104.52       2
      111021    404.30     42.36   1456.72    147.11       2
      111022    292.06    105.92   1054.51    374.64       3
      111023    311.30   -999.00   1125.50   -999.00       1
      111024    347.21    129.39   1236.16    450.79       3
      111025    378.88    150.55   1348.56    532.91       2
      111026    362.08     64.15   1273.46    217.83       3
      111027    442.76     18.64   1567.54     72.25       2
      111028    285.53    199.31   1015.27    692.43       3
      111029    323.16     63.98   1136.43    217.64       3
      111030    200.89    145.48    719.17    507.87       3
      111031    281.06     93.30   1003.62    324.84       3
      111101    232.94     25.17    842.70     83.91       3
      111102    226.19     34.68    810.76    113.12       3
      111103    476.36    104.73   1632.38    344.00       3
      111104    666.99    141.93   2260.59    473.51       3
      111105    719.58     98.55   2448.50    326.91       3
      111106    895.44     15.41   3043.37     53.86       2
      111107   1114.58    122.57   3805.25    391.68       3
      111108    909.92    128.03   3142.12    423.40       3
      111109   1212.96      2.27   4213.33     23.13       2
      111110    965.34    197.27   3386.26    653.66       2
      111111    567.65    101.42   2037.48    346.16       2
      111112    520.63    191.37   1870.63    664.24       2
      111113    393.74     61.29   1427.84    209.70       2
      111114    233.07     16.35    865.77     58.31       3
      111115    237.61      0.27    878.53      5.54       2
      111116    270.76     44.08    990.65    155.84       2
      111117    145.68     22.91    541.27     81.55       3
      111118    161.76     58.46    596.43    206.42       3
      111119    146.98     66.29    547.31    239.61       2
      111120    206.49     49.81    759.67    175.69       2
      111121    231.53     10.30    846.32     39.24       2
      111122    287.72      5.39   1049.33     25.24       2
      111123    261.05     29.83    955.78    106.57       3
      111124    396.10   -999.00   1430.65   -999.00       1
      111125    322.34     40.76   1175.51    146.35       2
      111126    300.08     32.11   1088.67    114.06       3
      111127    251.86     12.52    920.26     46.28       3
      111128    132.16      5.85    494.76     21.14       3
      111129    225.40     47.64    826.53    168.68       3
      111130    245.55    121.83    895.92    426.81       3
      111201    219.52     13.82    804.79     48.01       2
      111202    293.36     11.87   1064.78     36.88       2
      111203    447.04     42.69   1605.51    148.47       3
      111204    520.13     32.40   1854.79     98.27       2
      111205    674.20   -999.00   2383.15   -999.00       1
      111206    371.52     60.05   1335.51    208.25       3
      111207    383.73     30.23   1378.73    116.07       3
      111208    259.54     68.77    945.36    245.30       3
      111209    246.72     47.41    900.82    174.09       3
      111210    188.15     26.17    691.71     94.63       3
      111211    233.13   -999.00    847.71   -999.00       1
      111212    134.93     19.21    499.89     68.73       2
      111213    131.71      9.60    486.50     34.47       2
      111214    132.96     31.12    493.12    111.65       3
      111215    153.32     21.99    562.10     78.31       2
      111216    138.78     21.84    517.50     78.32       3
      111217    107.29     30.16    404.78    110.36       2
      111218     95.48     19.60    362.91     72.52       2
      111219    136.91     41.32    513.61    151.53       2
      111220    183.39      2.65    676.53      1.86       2
      111221    376.11    229.67   1329.39    774.33       2
      111222    353.28     72.42   1258.93    252.64       2
      111223    383.13     14.65   1356.21     44.64       2
      111224    345.32     81.37   1220.48    279.57       3
      111225    274.42     16.37    983.77     56.45       3
      111226    394.90    114.69   1402.28    395.93       3
      111227    458.38     63.39   1615.98    220.26       3
      111228    292.80     89.25   1044.90    308.74       3
      111229    267.71     84.42    962.19    294.49       3
      111230    404.85     91.62   1436.28    314.29       2
      111231    298.93     34.73   1064.23    116.82       3
