Tue Dec  2 10:03:55 2014   calc_USAF_spotindex_Nov12.pro
SSB:2008 AREA-DEP & AREA-INDEP CONTRASTS & SDEVS: BOL EXCESS=0.324
       80101      2.81      0.98     10.84      3.76       2
       80102      5.31      1.09     20.34      4.01       2
       80103      7.88      3.27     30.67     12.39       3
       80104      9.74      1.43     38.48      5.96       2
       80105      8.85   -999.00     34.72   -999.00       1
       80106     13.03   -999.00     51.49   -999.00       1
       80107     12.68      9.19     49.49     34.67       2
       80108      9.02      4.46     35.72     17.03       2
       80109   -999.00   -999.00   -999.00   -999.00       0
       80110      5.54   -999.00     22.39   -999.00       1
       80111      6.11   -999.00     24.68   -999.00       1
       80112   -999.00   -999.00   -999.00   -999.00       0
       80113   -999.00   -999.00   -999.00   -999.00       0
       80114   -999.00   -999.00   -999.00   -999.00       0
       80115   -999.00   -999.00   -999.00   -999.00       0
       80116   -999.00   -999.00   -999.00   -999.00       0
       80117   -999.00   -999.00   -999.00   -999.00       0
       80118   -999.00   -999.00   -999.00   -999.00       0
       80119   -999.00   -999.00   -999.00   -999.00       0
       80120   -999.00   -999.00   -999.00   -999.00       0
       80121   -999.00   -999.00   -999.00   -999.00       0
       80122   -999.00   -999.00   -999.00   -999.00       0
       80123   -999.00   -999.00   -999.00   -999.00       0
       80124   -999.00   -999.00   -999.00   -999.00       0
       80125   -999.00   -999.00   -999.00   -999.00       0
       80126   -999.00   -999.00   -999.00   -999.00       0
       80127   -999.00   -999.00   -999.00   -999.00       0
       80128   -999.00   -999.00   -999.00   -999.00       0
       80129      5.03   -999.00     19.75   -999.00       1
       80130     18.51      4.11     69.67     15.12       2
       80131     29.12     15.26    109.13     55.59       3
       80201     22.13     19.20     83.97     70.37       3
       80202     21.54     10.30     82.53     38.00       3
       80203     15.47      9.13     59.94     33.99       3
       80204      5.68      0.05     22.93      0.20       2
       80205   -999.00   -999.00   -999.00   -999.00       0
       80206   -999.00   -999.00   -999.00   -999.00       0
       80207   -999.00   -999.00   -999.00   -999.00       0
       80208   -999.00   -999.00   -999.00   -999.00       0
       80209   -999.00   -999.00   -999.00   -999.00       0
       80210   -999.00   -999.00   -999.00   -999.00       0
       80211   -999.00   -999.00   -999.00   -999.00       0
       80212   -999.00   -999.00   -999.00   -999.00       0
       80213   -999.00   -999.00   -999.00   -999.00       0
       80214   -999.00   -999.00   -999.00   -999.00       0
       80215   -999.00   -999.00   -999.00   -999.00       0
       80216   -999.00   -999.00   -999.00   -999.00       0
       80217   -999.00   -999.00   -999.00   -999.00       0
       80218   -999.00   -999.00   -999.00   -999.00       0
       80219   -999.00   -999.00   -999.00   -999.00       0
       80220   -999.00   -999.00   -999.00   -999.00       0
       80221   -999.00   -999.00   -999.00   -999.00       0
       80222   -999.00   -999.00   -999.00   -999.00       0
       80223   -999.00   -999.00   -999.00   -999.00       0
       80224   -999.00   -999.00   -999.00   -999.00       0
       80225      6.82      2.96     27.03     11.22       2
       80226     40.42     46.07    147.76    164.74       3
       80227      5.71      1.59     22.16      5.85       3
       80228      2.34   -999.00      9.02   -999.00       1
       80229   -999.00   -999.00   -999.00   -999.00       0
       80301   -999.00   -999.00   -999.00   -999.00       0
       80302   -999.00   -999.00   -999.00   -999.00       0
       80303      5.79   -999.00     23.41   -999.00       1
       80304   -999.00   -999.00   -999.00   -999.00       0
       80305      3.52   -999.00     13.80   -999.00       1
       80306      3.19      1.92     12.36      7.33       2
       80307   -999.00   -999.00   -999.00   -999.00       0
       80308   -999.00   -999.00   -999.00   -999.00       0
       80309   -999.00   -999.00   -999.00   -999.00       0
       80310     10.85      9.18     39.64     32.76       2
       80311   -999.00   -999.00   -999.00   -999.00       0
       80312   -999.00   -999.00   -999.00   -999.00       0
       80313   -999.00   -999.00   -999.00   -999.00       0
       80314   -999.00   -999.00   -999.00   -999.00       0
       80315      9.45      0.26     37.10      1.04       2
       80316      7.57      2.02     29.48      7.65       3
       80317      2.45   -999.00      9.89   -999.00       1
       80318   -999.00   -999.00   -999.00   -999.00       0
       80319   -999.00   -999.00   -999.00   -999.00       0
       80320   -999.00   -999.00   -999.00   -999.00       0
       80321   -999.00   -999.00   -999.00   -999.00       0
       80322   -999.00   -999.00   -999.00   -999.00       0
       80323     11.72      4.84     44.62     17.84       2
       80324     66.11     42.62    241.02    150.84       3
       80325    137.85     61.99    497.49    218.84       2
       80326    256.50     63.17    915.83    219.08       2
       80327    305.22     30.37   1091.14    104.59       2
       80328    255.44      9.08    921.17     30.25       2
       80329    248.84      3.74    900.47     12.24       2
       80330    197.04     71.72    712.46    250.14       3
       80331    112.01     44.74    409.62    162.93       3
       80401     68.39     12.86    248.73     45.36       3
       80402     66.37     25.26    237.61     88.84       2
       80403      7.90      1.66     29.43      5.94       2
       80404   -999.00   -999.00   -999.00   -999.00       0
       80405   -999.00   -999.00   -999.00   -999.00       0
       80406   -999.00   -999.00   -999.00   -999.00       0
       80407   -999.00   -999.00   -999.00   -999.00       0
       80408   -999.00   -999.00   -999.00   -999.00       0
       80409   -999.00   -999.00   -999.00   -999.00       0
       80410   -999.00   -999.00   -999.00   -999.00       0
       80411   -999.00   -999.00   -999.00   -999.00       0
       80412   -999.00   -999.00   -999.00   -999.00       0
       80413      3.59   -999.00     14.51   -999.00       1
       80414      4.00      0.23     16.15      0.94       3
       80415      4.44   -999.00     17.93   -999.00       1
       80416   -999.00   -999.00   -999.00   -999.00       0
       80417   -999.00   -999.00   -999.00   -999.00       0
       80418      2.63   -999.00     10.62   -999.00       1
       80419      9.45      7.75     36.83     29.40       2
       80420     10.55   -999.00     41.41   -999.00       1
       80421   -999.00   -999.00   -999.00   -999.00       0
       80422     19.98      9.77     76.55     36.03       3
       80423     21.28     16.76     80.89     61.23       3
       80424      4.79      0.11     19.37      0.44       3
       80425   -999.00   -999.00   -999.00   -999.00       0
       80426   -999.00   -999.00   -999.00   -999.00       0
       80427   -999.00   -999.00   -999.00   -999.00       0
       80428   -999.00   -999.00   -999.00   -999.00       0
       80429   -999.00   -999.00   -999.00   -999.00       0
       80430   -999.00   -999.00   -999.00   -999.00       0
       80501   -999.00   -999.00   -999.00   -999.00       0
       80502   -999.00   -999.00   -999.00   -999.00       0
       80503   -999.00   -999.00   -999.00   -999.00       0
       80504      6.55      4.56     25.74     17.17       3
       80505     11.69      3.52     45.41     13.17       2
       80506   -999.00   -999.00   -999.00   -999.00       0
       80507   -999.00   -999.00   -999.00   -999.00       0
       80508   -999.00   -999.00   -999.00   -999.00       0
       80509   -999.00   -999.00   -999.00   -999.00       0
       80510   -999.00   -999.00   -999.00   -999.00       0
       80511   -999.00   -999.00   -999.00   -999.00       0
       80512   -999.00   -999.00   -999.00   -999.00       0
       80513   -999.00   -999.00   -999.00   -999.00       0
       80514   -999.00   -999.00   -999.00   -999.00       0
       80515   -999.00   -999.00   -999.00   -999.00       0
       80516     13.91      6.55     55.58     25.35       3
       80517     10.98      5.96     42.65     21.72       3
       80518     35.29     30.59    132.98    111.54       3
       80519     20.89     10.74     81.43     40.41       3
       80520      9.56      5.97     38.19     23.44       3
       80521   -999.00   -999.00   -999.00   -999.00       0
       80522   -999.00   -999.00   -999.00   -999.00       0
       80523   -999.00   -999.00   -999.00   -999.00       0
       80524   -999.00   -999.00   -999.00   -999.00       0
       80525      5.51      0.09     22.27      0.37       3
       80526      6.04      0.02     24.40      0.06       2
       80527   -999.00   -999.00   -999.00   -999.00       0
       80528   -999.00   -999.00   -999.00   -999.00       0
       80529   -999.00   -999.00   -999.00   -999.00       0
       80530   -999.00   -999.00   -999.00   -999.00       0
       80531   -999.00   -999.00   -999.00   -999.00       0
       80601   -999.00   -999.00   -999.00   -999.00       0
       80602   -999.00   -999.00   -999.00   -999.00       0
       80603   -999.00   -999.00   -999.00   -999.00       0
       80604   -999.00   -999.00   -999.00   -999.00       0
       80605      5.82      0.07     23.51      0.26       2
       80606      5.30   -999.00     21.42   -999.00       1
       80607   -999.00   -999.00   -999.00   -999.00       0
       80608   -999.00   -999.00   -999.00   -999.00       0
       80609      3.10   -999.00     12.17   -999.00       1
       80610     11.06      5.60     41.70     20.49       3
       80611      5.64      3.67     22.20     13.80       3
       80612      9.77      5.43     38.17     20.58       3
       80613      8.05      3.68     31.91     13.99       2
       80614   -999.00   -999.00   -999.00   -999.00       0
       80615   -999.00   -999.00   -999.00   -999.00       0
       80616      3.39      1.31     13.19      4.86       3
       80617      5.68      3.03     22.19     11.52       3
       80618      5.20      3.05     20.69     11.73       3
       80619      5.02      0.35     20.28      1.41       3
       80620      5.89      0.18     23.78      0.72       3
       80621      6.15      0.01     24.86      0.04       3
       80622     10.06      7.10     40.18     27.84       3
       80623   -999.00   -999.00   -999.00   -999.00       0
       80624      4.85   -999.00     19.60   -999.00       1
       80625   -999.00   -999.00   -999.00   -999.00       0
       80626   -999.00   -999.00   -999.00   -999.00       0
       80627   -999.00   -999.00   -999.00   -999.00       0
       80628   -999.00   -999.00   -999.00   -999.00       0
       80629   -999.00   -999.00   -999.00   -999.00       0
       80630   -999.00   -999.00   -999.00   -999.00       0
       80701   -999.00   -999.00   -999.00   -999.00       0
       80702   -999.00   -999.00   -999.00   -999.00       0
       80703   -999.00   -999.00   -999.00   -999.00       0
       80704   -999.00   -999.00   -999.00   -999.00       0
       80705   -999.00   -999.00   -999.00   -999.00       0
       80706   -999.00   -999.00   -999.00   -999.00       0
       80707   -999.00   -999.00   -999.00   -999.00       0
       80708   -999.00   -999.00   -999.00   -999.00       0
       80709   -999.00   -999.00   -999.00   -999.00       0
       80710   -999.00   -999.00   -999.00   -999.00       0
       80711   -999.00   -999.00   -999.00   -999.00       0
       80712   -999.00   -999.00   -999.00   -999.00       0
       80713   -999.00   -999.00   -999.00   -999.00       0
       80714   -999.00   -999.00   -999.00   -999.00       0
       80715   -999.00   -999.00   -999.00   -999.00       0
       80716   -999.00   -999.00   -999.00   -999.00       0
       80717   -999.00   -999.00   -999.00   -999.00       0
       80718      4.39      0.11     17.73      0.43       2
       80719     10.73      0.37     42.10      1.44       2
       80720      5.70   -999.00     23.05   -999.00       1
       80721   -999.00   -999.00   -999.00   -999.00       0
       80722   -999.00   -999.00   -999.00   -999.00       0
       80723   -999.00   -999.00   -999.00   -999.00       0
       80724   -999.00   -999.00   -999.00   -999.00       0
       80725   -999.00   -999.00   -999.00   -999.00       0
       80726   -999.00   -999.00   -999.00   -999.00       0
       80727   -999.00   -999.00   -999.00   -999.00       0
       80728   -999.00   -999.00   -999.00   -999.00       0
       80729   -999.00   -999.00   -999.00   -999.00       0
       80730   -999.00   -999.00   -999.00   -999.00       0
       80731   -999.00   -999.00   -999.00   -999.00       0
       80801   -999.00   -999.00   -999.00   -999.00       0
       80802   -999.00   -999.00   -999.00   -999.00       0
       80803   -999.00   -999.00   -999.00   -999.00       0
       80804   -999.00   -999.00   -999.00   -999.00       0
       80805   -999.00   -999.00   -999.00   -999.00       0
       80806   -999.00   -999.00   -999.00   -999.00       0
       80807   -999.00   -999.00   -999.00   -999.00       0
       80808   -999.00   -999.00   -999.00   -999.00       0
       80809   -999.00   -999.00   -999.00   -999.00       0
       80810   -999.00   -999.00   -999.00   -999.00       0
       80811   -999.00   -999.00   -999.00   -999.00       0
       80812   -999.00   -999.00   -999.00   -999.00       0
       80813   -999.00   -999.00   -999.00   -999.00       0
       80814   -999.00   -999.00   -999.00   -999.00       0
       80815   -999.00   -999.00   -999.00   -999.00       0
       80816   -999.00   -999.00   -999.00   -999.00       0
       80817   -999.00   -999.00   -999.00   -999.00       0
       80818   -999.00   -999.00   -999.00   -999.00       0
       80819   -999.00   -999.00   -999.00   -999.00       0
       80820   -999.00   -999.00   -999.00   -999.00       0
       80821      2.30   -999.00      9.30   -999.00       1
       80822      3.92   -999.00     15.85   -999.00       1
       80823   -999.00   -999.00   -999.00   -999.00       0
       80824   -999.00   -999.00   -999.00   -999.00       0
       80825   -999.00   -999.00   -999.00   -999.00       0
       80826   -999.00   -999.00   -999.00   -999.00       0
       80827   -999.00   -999.00   -999.00   -999.00       0
       80828   -999.00   -999.00   -999.00   -999.00       0
       80829   -999.00   -999.00   -999.00   -999.00       0
       80830   -999.00   -999.00   -999.00   -999.00       0
       80831   -999.00   -999.00   -999.00   -999.00       0
       80901   -999.00   -999.00   -999.00   -999.00       0
       80902   -999.00   -999.00   -999.00   -999.00       0
       80903   -999.00   -999.00   -999.00   -999.00       0
       80904   -999.00   -999.00   -999.00   -999.00       0
       80905   -999.00   -999.00   -999.00   -999.00       0
       80906   -999.00   -999.00   -999.00   -999.00       0
       80907   -999.00   -999.00   -999.00   -999.00       0
       80908   -999.00   -999.00   -999.00   -999.00       0
       80909   -999.00   -999.00   -999.00   -999.00       0
       80910   -999.00   -999.00   -999.00   -999.00       0
       80911      8.30      4.06     32.87     15.50       2
       80912   -999.00   -999.00   -999.00   -999.00       0
       80913   -999.00   -999.00   -999.00   -999.00       0
       80914   -999.00   -999.00   -999.00   -999.00       0
       80915   -999.00   -999.00   -999.00   -999.00       0
       80916   -999.00   -999.00   -999.00   -999.00       0
       80917   -999.00   -999.00   -999.00   -999.00       0
       80918   -999.00   -999.00   -999.00   -999.00       0
       80919   -999.00   -999.00   -999.00   -999.00       0
       80920   -999.00   -999.00   -999.00   -999.00       0
       80921   -999.00   -999.00   -999.00   -999.00       0
       80922     14.32      8.07     55.28     30.17       3
       80923     10.82      5.74     41.99     21.70       3
       80924   -999.00   -999.00   -999.00   -999.00       0
       80925   -999.00   -999.00   -999.00   -999.00       0
       80926   -999.00   -999.00   -999.00   -999.00       0
       80927   -999.00   -999.00   -999.00   -999.00       0
       80928   -999.00   -999.00   -999.00   -999.00       0
       80929      4.50   -999.00     18.18   -999.00       1
       80930      6.64      4.02     26.84     16.22       2
       81001   -999.00   -999.00   -999.00   -999.00       0
       81002   -999.00   -999.00   -999.00   -999.00       0
       81003   -999.00   -999.00   -999.00   -999.00       0
       81004      4.86      2.08     19.35      7.93       3
       81005   -999.00   -999.00   -999.00   -999.00       0
       81006   -999.00   -999.00   -999.00   -999.00       0
       81007   -999.00   -999.00   -999.00   -999.00       0
       81008   -999.00   -999.00   -999.00   -999.00       0
       81009      5.88      0.00     23.76      0.01       2
       81010      5.82      0.04     23.53      0.16       2
       81011     10.61   -999.00     40.46   -999.00       1
       81012     32.55     21.93    120.53     78.68       3
       81013     21.22      6.86     80.82     25.33       3
       81014     14.27      4.42     55.41     16.53       2
       81015     15.31      3.32     59.35     12.38       3
       81016     12.49     10.86     48.66     41.73       3
       81017      3.35      0.35     12.93      1.33       2
       81018   -999.00   -999.00   -999.00   -999.00       0
       81019   -999.00   -999.00   -999.00   -999.00       0
       81020   -999.00   -999.00   -999.00   -999.00       0
       81021   -999.00   -999.00   -999.00   -999.00       0
       81022   -999.00   -999.00   -999.00   -999.00       0
       81023   -999.00   -999.00   -999.00   -999.00       0
       81024   -999.00   -999.00   -999.00   -999.00       0
       81025   -999.00   -999.00   -999.00   -999.00       0
       81026   -999.00   -999.00   -999.00   -999.00       0
       81027   -999.00   -999.00   -999.00   -999.00       0
       81028   -999.00   -999.00   -999.00   -999.00       0
       81029   -999.00   -999.00   -999.00   -999.00       0
       81030      9.33   -999.00     36.60   -999.00       1
       81031     18.61     11.36     70.92     41.71       3
       81101     12.50      3.49     48.57     13.02       2
       81102     27.64     10.48    103.80     37.80       3
       81103     42.42     21.69    157.70     80.52       3
       81104     18.52      5.81     69.40     21.01       3
       81105      3.94      1.54     15.28      5.87       3
       81106      2.87   -999.00     11.09   -999.00       1
       81107   -999.00   -999.00   -999.00   -999.00       0
       81108   -999.00   -999.00   -999.00   -999.00       0
       81109   -999.00   -999.00   -999.00   -999.00       0
       81110     20.98   -999.00     80.03   -999.00       1
       81111     39.27     11.48    146.03     41.21       3
       81112     39.99      8.12    148.30     28.83       3
       81113     29.91     10.55    111.44     38.47       2
       81114      9.48      0.82     36.58      3.18       2
       81115      8.78      2.56     33.32      9.09       2
       81116      4.10      1.46     15.62      5.25       3
       81117      2.72   -999.00     10.27   -999.00       1
       81118   -999.00   -999.00   -999.00   -999.00       0
       81119      6.18   -999.00     24.97   -999.00       1
       81120   -999.00   -999.00   -999.00   -999.00       0
       81121   -999.00   -999.00   -999.00   -999.00       0
       81122   -999.00   -999.00   -999.00   -999.00       0
       81123   -999.00   -999.00   -999.00   -999.00       0
       81124   -999.00   -999.00   -999.00   -999.00       0
       81125   -999.00   -999.00   -999.00   -999.00       0
       81126   -999.00   -999.00   -999.00   -999.00       0
       81127   -999.00   -999.00   -999.00   -999.00       0
       81128   -999.00   -999.00   -999.00   -999.00       0
       81129   -999.00   -999.00   -999.00   -999.00       0
       81130   -999.00   -999.00   -999.00   -999.00       0
       81201   -999.00   -999.00   -999.00   -999.00       0
       81202   -999.00   -999.00   -999.00   -999.00       0
       81203   -999.00   -999.00   -999.00   -999.00       0
       81204   -999.00   -999.00   -999.00   -999.00       0
       81205   -999.00   -999.00   -999.00   -999.00       0
       81206   -999.00   -999.00   -999.00   -999.00       0
       81207   -999.00   -999.00   -999.00   -999.00       0
       81208   -999.00   -999.00   -999.00   -999.00       0
       81209      3.24   -999.00     13.07   -999.00       1
       81210     10.38      1.55     39.58      5.52       3
       81211     11.70   -999.00     43.92   -999.00       1
       81212      4.56   -999.00     17.00   -999.00       1
       81213   -999.00   -999.00   -999.00   -999.00       0
       81214   -999.00   -999.00   -999.00   -999.00       0
       81215   -999.00   -999.00   -999.00   -999.00       0
       81216   -999.00   -999.00   -999.00   -999.00       0
       81217   -999.00   -999.00   -999.00   -999.00       0
       81218   -999.00   -999.00   -999.00   -999.00       0
       81219   -999.00   -999.00   -999.00   -999.00       0
       81220   -999.00   -999.00   -999.00   -999.00       0
       81221   -999.00   -999.00   -999.00   -999.00       0
       81222   -999.00   -999.00   -999.00   -999.00       0
       81223   -999.00   -999.00   -999.00   -999.00       0
       81224   -999.00   -999.00   -999.00   -999.00       0
       81225   -999.00   -999.00   -999.00   -999.00       0
       81226   -999.00   -999.00   -999.00   -999.00       0
       81227   -999.00   -999.00   -999.00   -999.00       0
       81228   -999.00   -999.00   -999.00   -999.00       0
       81229   -999.00   -999.00   -999.00   -999.00       0
       81230   -999.00   -999.00   -999.00   -999.00       0
       81231   -999.00   -999.00   -999.00   -999.00       0
