Tue Dec  2 10:03:30 2014   calc_USAF_spotindex_Nov12.pro
SSB:1993 AREA-DEP & AREA-INDEP CONTRASTS & SDEVS: BOL EXCESS=0.324
      930101     42.52     20.08    151.43     70.83       4
      930102     85.53     35.84    306.66    126.70       4
      930103    152.66     33.46    544.50    118.74       4
      930104    230.55     69.81    824.67    243.14       6
      930105    293.64     27.36   1053.17     96.77       4
      930106    288.08    100.33   1033.01    352.22       5
      930107    315.40     60.99   1136.00    212.99       6
      930108    296.38     58.20   1083.65    205.68       5
      930109    214.88     36.63    794.54    133.89       6
      930110    189.00     63.98    705.75    235.45       6
      930111    171.67     50.81    644.53    184.91       4
      930112    202.43     28.16    751.95    103.99       3
      930113    173.11     47.70    642.59    173.37       4
      930114    157.34     21.11    576.82     74.69       4
      930115    158.49     26.41    578.06     94.05       4
      930116    187.64     38.48    678.01    136.82       5
      930117    183.74      5.11    666.82     17.47       2
      930118    161.87     16.75    593.37     57.27       4
      930119    205.72     15.62    748.89     54.68       5
      930120    179.13     46.94    653.69    167.41       5
      930121    178.92     28.15    650.37     99.60       5
      930122    130.05     20.95    476.95     73.82       6
      930123    121.55     19.93    446.17     70.71       6
      930124    128.56     21.08    474.49     77.12       6
      930125     93.64     19.83    350.59     72.90       4
      930126     65.38     23.44    244.07     86.18       6
      930127     76.50     11.60    288.68     43.72       5
      930128     83.38     11.98    310.82     44.73       5
      930129    101.69     18.47    372.16     67.04       3
      930130     74.44     13.09    273.98     46.19       3
      930131     58.15     12.60    215.02     45.90       5
      930201     42.61     13.59    158.78     48.81       5
      930202    108.37     72.55    387.74    255.33       3
      930203    248.45     31.72    868.70    100.44       5
      930204    435.65    136.75   1509.42    468.30       5
      930205    802.67     90.55   2773.37    304.20       4
      930206    923.18    119.07   3188.26    393.41       5
      930207   1008.39    106.84   3474.92    357.86       5
      930208   1132.55     59.09   3879.39    199.12       5
      930209   1243.62    105.12   4238.32    338.84       4
      930210   1221.45    140.91   4135.17    459.21       5
      930211   1003.75    181.87   3405.40    599.21       5
      930212    736.63    117.94   2523.25    385.35       5
      930213    474.31    116.88   1642.65    393.65       4
      930214    309.10     77.06   1083.58    264.83       5
      930215    213.53     43.43    758.85    146.77       3
      930216    151.68     24.10    552.11     76.38       3
      930217    167.44     19.62    615.13     68.84       5
      930218    162.47     33.42    601.06    119.95       5
      930219    198.63     17.89    734.47     64.46       5
      930220    196.67     31.80    728.15    114.65       3
      930221    319.26     48.19   1166.75    169.58       5
      930222    394.26     41.27   1426.01    142.10       3
      930223    465.75     32.15   1681.15    112.88       3
      930224    370.47    177.77   1341.19    630.13       3
      930225    296.43    176.47   1071.70    634.47       5
      930226    335.00     28.39   1211.86    101.62       5
      930227    346.21     41.67   1252.00    147.72       4
      930228    262.90     29.18    956.08    103.06       5
      930301    207.64     35.58    755.98    130.84       5
      930302    261.74     44.90    941.31    150.69       6
      930303    360.67     67.38   1274.26    227.85       6
      930304    441.47    176.95   1545.21    604.38       6
      930305    574.82     97.92   2004.42    327.70       5
      930306    557.94     73.38   1945.80    248.47       5
      930307    690.55     51.31   2384.12    172.12       6
      930308    714.08     68.94   2455.01    225.45       5
      930309    665.22     35.09   2295.72    114.35       6
      930310    636.25    115.90   2199.19    398.04       6
      930311    480.16     75.85   1661.24    254.22       5
      930312    422.45     71.85   1459.99    239.59       5
      930313    285.51     71.99    986.19    244.00       6
      930314    111.76     67.74    399.95    234.62       6
      930315    115.80     29.73    418.13    103.03       6
      930316    115.66     26.53    421.20     93.79       5
      930317    252.75    200.63    890.46    678.37       3
      930318    212.97     29.98    768.68    104.72       6
      930319    267.06     18.65    961.27     64.25       5
      930320    226.87     76.90    821.99    269.51       6
      930321    208.35     35.62    764.99    126.78       6
      930322    199.66     35.06    733.95    125.28       6
      930323    134.69     30.55    497.76    112.24       6
      930324     82.81      9.75    307.32     34.17       5
      930325    115.08     15.72    422.80     57.43       6
      930326     78.69     21.41    288.17     75.36       4
      930327    115.11     26.00    411.00     88.48       4
      930328    146.60     28.26    518.81     99.65       6
      930329    190.55     64.48    672.86    221.64       5
      930330    206.60     31.23    742.84    110.32       4
      930331    278.83     42.58   1001.18    149.77       6
      930401    319.54     20.36   1152.96     72.11       6
      930402    353.56     31.94   1276.34    112.02       6
      930403    298.39     49.47   1086.15    171.40       4
      930404    298.16     30.33   1085.74    106.03       6
      930405    366.49    122.97   1313.74    415.41       5
      930406    458.13    132.05   1620.80    451.07       5
      930407    465.39     35.60   1633.49    117.98       5
      930408    384.14     61.15   1353.23    200.53       5
      930409    481.47     63.53   1690.03    213.91       5
      930410    319.60    119.11   1143.52    426.43       5
      930411    133.96     34.46    475.54    120.45       5
      930412     41.94     19.76    151.86     68.40       3
      930413     12.37      4.10     48.67     16.50       3
      930414      9.00      4.85     35.12     19.10       6
      930415     16.82      6.40     64.45     23.83       5
      930416     11.74      6.50     45.79     24.89       3
      930417     33.61      5.61    127.65     21.05       5
      930418     79.38     16.02    288.05     58.33       5
      930419    144.55     51.56    518.27    180.23       5
      930420    309.13     68.64   1106.65    245.33       5
      930421    393.48     64.62   1408.23    225.39       6
      930422    371.96     73.11   1333.63    254.41       6
      930423    326.25    184.81   1174.09    647.82       5
      930424    270.26     59.40    980.50    207.58       5
      930425    203.66     56.57    738.60    200.02       6
      930426    176.54     57.27    632.92    199.60       6
      930427    150.04     63.68    546.32    223.26       6
      930428     94.86     28.35    352.23    102.57       6
      930429     84.49     20.95    317.97     75.48       5
      930430     81.02     29.30    303.12    107.85       5
      930501     66.95      5.46    252.10     19.51       4
      930502     45.75     31.18    174.99    116.68       6
      930503     38.85     10.67    149.06     40.34       5
      930504     77.97     16.74    292.44     61.69       5
      930505    132.49     76.00    477.06    260.40       4
      930506    215.14     12.35    767.60     43.75       5
      930507    323.07     57.47   1136.92    192.67       6
      930508    371.93     56.59   1313.41    190.20       3
      930509    533.76     97.28   1873.44    331.56       6
      930510    633.38     97.08   2212.31    322.38       4
      930511    604.74     71.60   2120.59    243.97       5
      930512    414.97    139.99   1464.44    479.53       3
      930513    242.39     50.28    866.64    173.01       3
      930514    149.29     24.26    541.55     85.27       4
      930515     69.12     21.37    256.91     77.68       5
      930516     60.62     16.43    228.01     61.17       4
      930517     53.52     12.39    202.42     46.54       4
      930518     50.67     18.07    191.08     66.90       5
      930519     26.66      5.69    101.37     20.68       5
      930520     23.18     11.34     89.66     42.73       4
      930521     12.56      6.25     48.84     23.87       4
      930522      4.35      1.51     17.40      5.72       4
      930523      7.85      3.11     31.40     12.12       3
      930524     14.78      1.37     58.55      4.43       3
      930525     26.96     10.21    105.16     37.46       4
      930526     64.02     37.28    241.23    138.18       5
      930527    115.02     26.82    421.48     93.97       4
      930528    223.65     76.07    807.11    264.02       4
      930529    260.66     50.80    943.60    177.76       5
      930530    365.25     26.82   1312.07     93.04       5
      930531    447.86     50.64   1595.18    172.18       4
      930601    436.25     44.73   1557.45    151.77       5
      930602    474.41     28.84   1684.91     99.74       3
      930603    450.36     67.22   1606.81    233.69       5
      930604    388.99     62.42   1392.60    215.13       3
      930605    329.46     55.73   1181.45    195.59       5
      930606    312.06     77.40   1110.78    265.60       4
      930607    324.45    100.43   1143.10    342.55       4
      930608    290.33     34.13   1020.68    116.72       3
      930609    220.97     61.13    781.07    207.25       4
      930610    163.26     26.64    579.37     93.67       5
      930611     87.24     30.10    317.60    106.60       4
      930612     63.25      9.85    232.73     35.17       5
      930613     56.33     11.43    207.56     40.85       5
      930614     50.89      8.98    187.24     32.07       5
      930615     37.13      9.27    137.00     33.19       5
      930616     28.85      7.42    106.19     26.65       5
      930617     19.49      6.53     72.80     23.84       4
      930618      8.10      5.94     31.70     23.70       4
      930619     14.76     14.84     58.45     59.38       2
      930620     22.42      4.42     86.45     16.36       4
      930621     42.70     19.85    159.97     72.72       5
      930622     38.95     12.00    145.68     45.80       5
      930623     66.99      8.55    252.07     31.25       5
      930624    132.68     55.83    484.73    198.06       5
      930625    164.55     34.27    598.01    118.25       4
      930626    184.66     28.15    671.48     98.93       4
      930627    262.44     45.79    941.58    157.88       4
      930628    301.76     31.23   1076.06    106.99       5
      930629    355.24     54.56   1260.11    186.44       5
      930630    312.41     46.56   1112.88    160.20       5
      930701    256.74     63.32    921.44    218.85       5
      930702    153.22     16.77    558.76     60.40       3
      930703    160.44     29.11    584.61    104.92       4
      930704    211.25    135.43    749.64    451.62       4
      930705    130.49     34.72    479.86    125.04       4
      930706    104.75     27.79    384.25     99.78       4
      930707     76.43     24.38    282.08     89.00       5
      930708     89.94     11.99    330.90     43.42       5
      930709    115.23     21.39    423.46     77.71       5
      930710    102.91     20.81    377.37     73.56       5
      930711    145.11     47.79    530.41    169.81       3
      930712    105.09     29.58    389.20    106.29       5
      930713    472.42    839.06   1630.97   2829.66       5
      930714    175.20     18.12    643.69     64.53       4
      930715    223.26     74.37    802.65    257.62       4
      930716    229.72    137.68    820.54    463.35       5
      930717    151.12     20.47    555.29     71.26       4
      930718    159.95     40.44    592.97    144.99       5
      930719    163.01     14.32    603.65     51.93       4
      930720    176.37     58.00    650.24    207.40       4
      930721    213.11     31.90    781.03    112.73       6
      930722    242.76     30.09    885.53    105.85       4
      930723    164.08     28.77    610.11    103.65       4
      930724    186.70     61.13    687.98    220.89       5
      930725    120.11     17.17    446.81     64.72       5
      930726     95.80     14.46    355.65     54.74       4
      930727    134.62     28.59    500.57    103.31       5
      930728    135.84     36.24    502.34    129.92       5
      930729    119.16     31.17    443.95    113.77       5
      930730     91.78     23.62    343.80     85.80       5
      930731     75.21     22.07    282.82     80.98       5
      930801     63.00     19.38    237.83     71.04       5
      930802     44.02     14.18    166.50     54.04       4
      930803     72.52     20.01    261.35     70.16       4
      930804     82.62     14.69    295.88     50.46       4
      930805    103.48     14.83    372.25     52.90       4
      930806    148.72     43.40    533.58    150.10       5
      930807    149.85     44.34    537.38    155.62       5
      930808    123.63     22.56    445.38     78.89       5
      930809    172.19     33.97    626.29    119.39       5
      930810    147.52      8.04    545.02     27.40       5
      930811    163.55     52.26    596.74    180.82       4
      930812    156.08     30.36    564.85    107.05       5
      930813    113.70     39.16    413.80    139.75       5
      930814     83.99     23.89    308.86     84.35       5
      930815     74.86     16.53    277.33     59.04       5
      930816     77.06     28.52    284.19    100.69       3
      930817     57.92      7.07    217.10     25.18       4
      930818     75.74     18.37    280.58     65.33       4
      930819    113.38     41.97    413.02    150.09       4
      930820    118.95     13.93    433.54     48.98       5
      930821    138.97     27.26    505.20     96.15       5
      930822    141.15     34.39    516.44    122.93       5
      930823    157.00     25.52    574.43     89.61       4
      930824    148.09     26.68    544.57     93.86       4
      930825    116.86     18.27    432.12     65.10       5
      930826    108.99     12.99    404.66     45.88       4
      930827    101.22     10.15    379.01     36.79       5
      930828    123.88     15.23    461.58     54.85       2
      930829     69.36     16.62    262.24     60.72       5
      930830     68.97     18.69    261.17     69.50       4
      930831     52.36     16.77    198.06     61.49       4
      930901     25.87     10.40     98.55     39.44       5
      930902     34.39     10.75    129.52     39.15       5
      930903     39.77      6.94    148.03     24.98       5
      930904     33.77     12.29    128.45     45.82       5
      930905     31.77      9.82    121.15     36.25       4
      930906     12.57      6.49     49.16     24.49       3
      930907      6.08      0.13     24.58      0.53       3
      930908      6.64      3.58     26.49     13.80       4
      930909      7.42      4.24     29.02     15.80       2
      930910      3.69   -999.00     14.91   -999.00       1
      930911   -999.00   -999.00   -999.00   -999.00       0
      930912      0.79   -999.00      3.21   -999.00       1
      930913      6.09   -999.00     24.62   -999.00       1
      930914      0.57   -999.00      2.32   -999.00       1
      930915      8.75      5.05     33.82     19.66       4
      930916     16.44      6.33     63.45     24.41       5
      930917     23.44      4.55     90.39     17.05       5
      930918     34.10      8.56    128.64     32.11       3
      930919     21.00      9.64     80.05     35.34       4
      930920     14.95      4.92     57.94     18.20       5
      930921      6.54      4.22     26.09     16.49       4
      930922      5.65      0.55     22.83      2.22       2
      930923     11.17      4.93     43.70     18.59       4
      930924    125.01     42.07    447.94    144.86       4
      930925    185.56     20.50    665.58     70.30       5
      930926    202.43     35.58    722.48    125.18       5
      930927    179.60     33.73    639.64    117.44       5
      930928    394.36    446.43   1327.14   1453.11       5
      930929    370.38     56.60   1256.09    186.33       5
      930930    495.14     85.29   1669.09    277.85       5
      931001    586.61     48.22   1985.74    156.82       5
      931002    722.00    168.90   2466.01    564.07       4
      931003    902.50    194.43   3077.28    644.53       5
      931004    851.51    119.93   2917.59    401.02       4
      931005    793.89     84.87   2724.28    280.53       5
      931006    613.53     77.59   2117.51    258.21       5
      931007    515.07     97.98   1780.42    331.19       3
      931008    349.68     79.87   1216.10    268.20       4
      931009    223.50     83.46    787.79    284.43       4
      931010    201.99     59.95    712.94    207.15       5
      931011    208.45     53.46    736.78    179.90       5
      931012    164.84     49.26    585.94    169.67       5
      931013    101.60     50.55    366.12    180.48       5
      931014    106.37     31.12    385.85    108.16       5
      931015    118.50     27.97    435.30     99.30       4
      931016    115.68     62.68    425.11    220.13       5
      931017     76.95     18.47    286.86     66.45       3
      931018     44.65     13.49    169.02     48.80       2
      931019     52.56      6.28    199.31     22.08       3
      931020     87.16     11.75    326.15     40.31       4
      931021    151.66     27.23    559.04     98.01       4
      931022    126.18     23.08    469.98     83.19       4
      931023    111.05     48.66    413.65    174.66       3
      931024     71.83     23.53    266.80     85.57       4
      931025     34.88     22.79    130.75     83.21       4
      931026     25.25      6.74     98.57     26.00       3
      931027     22.07     11.27     86.78     43.64       5
      931028      5.20      2.85     20.92     11.67       2
      931029     19.51     11.73     74.62     41.81       4
      931030     66.06      9.23    238.50     35.14       3
      931031    117.30     37.77    410.03    127.42       5
      931101    173.47     32.52    599.04    110.92       4
      931102    232.63     29.47    806.29    102.29       3
      931103    303.89     33.32   1050.31    112.41       3
      931104    403.88     60.09   1387.63    199.33       4
      931105    379.96     34.95   1310.32    115.13       3
      931106    393.76    190.49   1364.41    656.40       6
      931107    271.00     76.50    942.11    258.36       6
      931108    211.79     61.02    736.76    206.67       6
      931109    106.76     18.16    375.31     62.62       6
      931110     57.77     15.69    204.34     54.69       6
      931111      9.93     10.74     36.74     38.58       4
      931112     22.28     17.51     77.48     58.41       3
      931113     60.26     16.61    210.92     58.06       3
      931114    125.50     24.84    437.33     85.28       5
      931115    241.91     17.80    838.20     57.67       3
      931116    330.44     74.82   1137.88    250.11       5
      931117    395.56     54.50   1360.50    181.47       5
      931118    534.69     83.19   1823.74    274.93       6
      931119    529.25     97.12   1804.61    321.07       6
      931120    348.99     85.20   1204.61    284.39       5
      931121    250.33     60.23    874.28    204.49       6
      931122    173.43     16.40    619.47     54.63       5
      931123    164.18     39.59    592.24    137.76       5
      931124    227.83     56.77    812.70    194.55       4
      931125    166.26     24.50    597.63     84.57       6
      931126    162.84     56.54    581.27    197.59       4
      931127     75.11     19.12    272.52     67.05       4
      931128     68.25     25.55    251.45     86.20       4
      931129     62.92     18.19    238.21     66.24       6
      931130     97.00     13.27    361.50     47.32       4
      931201    241.36     89.98    865.91    313.95       6
      931202    199.82     46.82    716.53    160.31       5
      931203    183.83     37.72    665.47    131.84       5
      931204    148.28     51.39    544.75    185.01       5
      931205    160.89     46.35    590.53    163.97       4
      931206    203.16     59.34    739.82    207.48       5
      931207    164.11     32.82    603.56    116.14       6
      931208    161.91     75.12    591.51    264.98       5
      931209    107.86     31.38    397.87    112.28       3
      931210     65.13     25.09    243.94     91.70       6
      931211     53.32     19.57    198.53     71.96       3
      931212      9.50     11.71     36.44     44.19       6
      931213      4.74      4.98     18.03     18.60       2
      931214      8.28      3.49     31.97     13.98       4
      931215      9.89      5.76     37.44     21.97       5
      931216     37.70      9.43    142.48     34.75       4
      931217     53.51     10.43    202.58     36.77       5
      931218     36.84     22.23    140.89     84.06       6
      931219     31.30     15.99    118.96     59.51       5
      931220     41.10     11.53    154.78     42.39       6
      931221     89.48     37.00    327.42    130.08       4
      931222    162.02     20.02    579.45     70.92       6
      931223    244.70     50.45    862.54    169.98       4
      931224    348.35     74.98   1223.02    257.95       4
      931225    349.81    121.66   1224.98    414.75       4
      931226    583.04    284.46   2008.44    958.19       5
      931227    547.77    114.17   1887.14    374.64       3
      931228    365.71    110.61   1285.31    375.97       5
      931229    356.78     77.92   1235.02    263.46       4
      931230    248.21     70.09    857.77    232.05       5
      931231    198.47    187.36    675.49    621.41       6
