Tue Dec  2 10:03:53 2014   calc_USAF_spotindex_Nov12.pro
SSB:2004 AREA-DEP & AREA-INDEP CONTRASTS & SDEVS: BOL EXCESS=0.324
       40101     63.72     42.19    233.88    151.35       3
       40102    185.96     25.99    657.50     91.31       3
       40103    347.39     35.18   1206.19    117.58       2
       40104    361.94    242.97   1243.01    811.53       3
       40105    609.19     50.08   2073.22    175.33       2
       40106    673.19     23.48   2279.79     79.45       2
       40107    609.28     19.26   2081.00     67.91       2
       40108    612.72     10.75   2100.21     34.10       3
       40109    490.92    106.40   1698.64    356.14       2
       40110    423.47    128.13   1471.23    429.11       3
       40111    293.58     27.21   1033.98     91.55       3
       40112    216.75      1.66    771.81      6.78       2
       40113    162.56     37.20    581.57    129.64       3
       40114    170.47     30.30    609.80    104.54       2
       40115    207.22     19.20    744.23     70.60       2
       40116    247.65     44.52    879.83    152.38       2
       40117    287.86      9.46   1025.69     32.06       2
       40118    117.39    101.09    423.42    348.10       3
       40119    297.42     75.96   1059.49    278.63       2
       40120    361.56     29.22   1309.10    102.53       3
       40121    355.98     82.67   1288.30    290.37       2
       40122    221.98    101.82    813.89    363.32       2
       40123    126.11     61.45    466.64    221.65       3
       40124     62.95     40.26    235.47    146.57       3
       40125     28.21   -999.00    108.34   -999.00       1
       40126      5.79      1.16     23.18      4.40       2
       40127   -999.00   -999.00   -999.00   -999.00       0
       40128      5.87   -999.00     23.73   -999.00       1
       40129     13.15      5.59     51.33     20.99       3
       40130     45.84     15.18    175.10     55.68       3
       40131     34.75      4.23    134.11     15.47       2
       40201     85.36     32.57    318.43    119.44       2
       40202    168.09     72.75    617.40    261.37       3
       40203    245.57   -999.00    899.03   -999.00       1
       40204    206.35      3.64    754.44     16.13       3
       40205    240.98     20.86    878.76     68.78       3
       40206    225.71     22.47    812.90     80.75       3
       40207    249.92     22.63    892.10     75.77       3
       40208    325.21     86.69   1145.52    297.45       3
       40209    306.89     81.42   1085.34    278.91       2
       40210    227.18     96.25    812.84    331.78       2
       40211    204.35     33.11    737.24    114.86       2
       40212    235.82   -999.00    848.71   -999.00       1
       40213    136.03     15.65    500.96     62.97       2
       40214    147.32     29.76    538.52    106.56       3
       40215    113.33     18.91    419.01     71.03       3
       40216     81.07      8.59    305.99     35.73       3
       40217     23.41      9.40     89.59     34.48       2
       40218     23.00      1.92     88.01      6.21       2
       40219     21.96   -999.00     84.31   -999.00       1
       40220     28.11     13.12    108.34     50.38       2
       40221     26.22   -999.00    102.88   -999.00       1
       40222    102.23     10.29    372.71     32.77       2
       40223    197.28     10.12    704.62     35.03       2
       40224    333.15     80.99   1177.00    278.03       3
       40225    468.11    102.23   1638.59    351.51       3
       40226    488.20     13.54   1699.43     50.84       2
       40227    573.76    146.42   1983.18    484.32       3
       40228    472.67    106.79   1647.35    365.02       2
       40229    271.46     38.04    956.48    133.47       3
       40301    104.47     23.62    382.34     83.51       2
       40302    105.60     17.92    384.13     62.00       2
       40303    107.26     29.74    387.93    104.61       3
       40304     99.88     18.18    360.62     63.23       2
       40305    109.69     15.36    399.58     54.49       2
       40306    144.77     18.57    523.50     64.59       3
       40307    134.31     39.49    477.98    140.21       2
       40308    251.63     22.71    867.36     73.83       3
       40309    295.53     30.11   1019.93    100.97       3
       40310    406.61     56.58   1399.44    184.66       2
       40311    390.53   -999.00   1349.19   -999.00       1
       40312    215.61    205.41    761.13    701.60       2
       40313    342.38     66.08   1207.61    222.86       3
       40314    297.56     74.89   1053.42    256.32       3
       40315    143.79     34.02    520.36    120.82       3
       40316     91.00     44.87    330.44    160.30       3
       40317     72.21     14.24    266.99     51.73       3
       40318     80.16     19.62    298.07     69.65       3
       40319    111.86     22.97    411.47     81.40       3
       40320    138.90     13.21    508.84     47.22       3
       40321    158.24     21.91    577.97     78.27       3
       40322    135.99   -999.00    504.54   -999.00       1
       40323    231.64     15.18    841.87     55.92       2
       40324    229.94     19.29    835.10     65.63       3
       40325    229.15     38.97    835.58    135.77       3
       40326    215.44   -999.00    789.86   -999.00       1
       40327    190.81     17.09    694.43     65.42       3
       40328    297.23     69.09   1066.59    234.65       2
       40329    375.87      5.89   1337.73     19.08       2
       40330    298.87     38.56   1068.98    127.97       2
       40331    303.83     25.24   1091.55     91.36       2
       40401    286.03     31.65   1030.46    108.53       2
       40402    237.20     29.69    862.46    106.39       2
       40403    174.80     49.56    639.36    176.78       3
       40404    191.29     77.01    695.79    270.49       2
       40405    198.19     67.17    718.89    236.46       2
       40406    115.67     33.89    424.86    121.14       3
       40407    112.20     14.48    409.65     49.53       3
       40408     92.48      8.57    336.80     31.41       2
       40409     96.81   -999.00    350.51   -999.00       1
       40410     55.73     42.45    203.48    151.31       2
       40411     37.57   -999.00    138.75   -999.00       1
       40412     34.75     36.30    129.55    134.26       2
       40413     41.11     17.75    155.83     65.46       3
       40414     63.17      9.65    236.63     36.33       3
       40415     73.42     13.15    274.05     47.16       3
       40416     59.07      3.63    222.43     14.79       2
       40417     46.72   -999.00    178.50   -999.00       1
       40418     87.84      4.31    330.45     10.81       2
       40419    172.01     19.41    627.08     65.30       3
       40420    236.29     32.39    849.88    112.56       3
       40421    256.42     20.53    917.04     73.63       3
       40422    309.33     15.39   1094.16     58.99       3
       40423    256.55     11.93    911.18     42.24       3
       40424    194.81     12.80    700.47     48.03       2
       40425    208.57     26.96    745.78     93.61       2
       40426    211.18     34.56    757.26    116.60       3
       40427    128.04     31.71    463.91    110.67       2
       40428     86.53     10.62    315.94     38.00       2
       40429     50.84     16.59    189.25     61.22       2
       40430     54.38     24.08    207.47     90.70       2
       40501     80.15      2.89    299.92     11.20       2
       40502    163.21     19.71    582.47     66.71       2
       40503     83.74      7.49    304.36     25.09       2
       40504     76.01      3.14    282.16      9.15       2
       40505     91.95     12.18    339.66     41.99       2
       40506     61.42     13.65    231.01     49.41       2
       40507     27.70      8.05    104.76     30.89       3
       40508     50.53     18.95    185.60     71.78       3
       40509     55.84     14.26    204.66     51.00       3
       40510     75.47   -999.00    276.37   -999.00       1
       40511    138.82      6.74    500.15     26.24       2
       40512    154.65     37.34    568.29    131.97       2
       40513    240.95     61.29    872.25    217.37       2
       40514    337.92    103.33   1214.58    357.04       2
       40515    507.70    110.77   1789.65    380.69       2
       40516    425.45     56.60   1515.17    199.38       2
       40517    382.19     63.93   1372.92    223.78       2
       40518    315.76      9.88   1145.77     37.74       2
       40519    210.74     46.66    775.19    165.05       3
       40520    198.59     10.52    730.23     34.89       3
       40521    172.93     38.54    636.29    137.34       3
       40522    240.81     56.80    868.39    196.25       3
       40523    241.53     58.27    867.28    200.77       3
       40524    280.91     98.34   1003.12    337.62       3
       40525    250.44      3.17    893.62     11.30       2
       40526    204.92     29.19    729.70     98.14       2
       40527    190.59     36.27    673.85    125.11       3
       40528    166.59     70.57    585.42    242.04       3
       40529    175.30     14.78    611.83     50.55       2
       40530    112.33     32.99    398.65    114.06       3
       40531     71.26     13.34    258.33     46.08       3
       40601     48.09      7.04    181.19     28.58       3
       40602     72.60     27.31    273.28     98.46       2
       40603     68.15     14.02    255.77     50.74       2
       40604     48.30     10.93    184.95     41.09       2
       40605     38.49      0.38    150.99      0.41       2
       40606     34.51      4.72    136.06     19.99       2
       40607     59.03     17.58    225.26     61.26       2
       40608     54.70     32.82    210.03    122.99       3
       40609     34.66      1.96    136.49      8.16       2
       40610     41.84      1.20    159.93      8.34       2
       40611     41.38      1.36    158.51      5.16       2
       40612     40.14   -999.00    152.08   -999.00       1
       40613     51.72      8.23    195.09     29.31       3
       40614    108.81     26.07    394.31     93.95       3
       40615    226.41     47.01    802.50    152.42       2
       40616    357.23     79.22   1257.35    274.42       3
       40617    447.57     70.92   1570.28    243.17       3
       40618    566.35     81.97   1974.57    277.51       3
       40619    549.93    122.98   1921.59    413.57       3
       40620    720.10    121.09   2500.40    408.42       2
       40621    558.32     99.07   1954.65    339.53       3
       40622    390.61     42.25   1373.80    148.80       3
       40623    342.43    111.93   1199.75    384.93       3
       40624    260.72     51.76    910.66    179.45       3
       40625    141.11     69.55    502.63    244.83       2
       40626     74.90   -999.00    270.02   -999.00       1
       40627     37.57   -999.00    140.42   -999.00       1
       40628     36.29      6.18    137.79     22.58       2
       40629     58.47     13.38    217.01     49.22       2
       40630     56.19     10.25    208.36     36.78       2
       40701     66.74     12.24    247.96     42.48       2
       40702     66.59      5.93    249.14     21.30       2
       40703     47.85     14.99    182.53     54.86       2
       40704     31.29   -999.00    120.63   -999.00       1
       40705     24.07     11.98     92.28     45.38       2
       40706     11.90   -999.00     48.07   -999.00       1
       40707      9.03      5.19     35.20     19.60       2
       40708     12.39      1.80     47.31      6.54       3
       40709     40.63     10.78    154.35     37.74       3
       40710     74.30     33.47    277.95    121.51       3
       40711    114.39     14.27    423.23     50.37       2
       40712    164.99     51.19    607.71    190.62       2
       40713    288.89     37.61   1044.88    128.63       3
       40714    279.24     58.91   1010.58    205.71       3
       40715    284.60     63.56   1023.13    216.00       2
       40716    412.15     72.34   1450.05    247.20       2
       40717    406.62     29.85   1432.35    105.86       2
       40718    651.39     84.11   2248.82    275.23       3
       40719    869.09    200.27   2972.93    671.01       3
       40720   1048.19    108.44   3538.81    350.05       2
       40721   1450.82    123.75   4833.94    403.15       2
       40722   1387.54    122.62   4634.70    401.38       2
       40723   1467.09   -999.00   4875.13   -999.00       1
       40724   1179.66     80.63   3931.09    265.26       2
       40725    878.87    130.66   2949.66    424.29       3
       40726    579.09     54.54   1972.75    173.72       3
       40727    408.83   -999.00   1406.47   -999.00       1
       40728    203.23     24.61    710.05     80.91       3
       40729     93.35      4.84    339.54     17.08       3
       40730     90.19      4.22    329.14     14.75       3
       40731     80.40     21.87    294.68     77.35       3
       40801     91.64     19.43    334.71     68.02       3
       40802    107.40     41.22    389.47    145.30       3
       40803    125.25     12.98    450.76     44.18       3
       40804    124.49     24.73    448.13     85.49       3
       40805    104.61      9.69    377.78     33.71       2
       40806    106.27     22.14    383.78     76.49       3
       40807    171.61     27.69    613.54     96.24       3
       40808    152.45     27.53    546.55     94.34       3
       40809    262.80     91.35    920.34    308.53       3
       40810    413.20    157.46   1423.42    521.51       3
       40811    700.61     53.02   2386.29    172.21       3
       40812    937.21    150.48   3150.89    488.92       3
       40813    830.83     54.40   2809.00    176.71       3
       40814    725.89     90.99   2456.42    302.39       2
       40815    649.84     59.83   2201.26    197.32       3
       40816    519.36    153.83   1768.44    510.80       2
       40817    424.47     41.70   1460.49    137.17       3
       40818    389.06     56.06   1347.98    186.73       3
       40819    394.46     47.03   1373.03    153.02       3
       40820    436.36     20.81   1532.95     74.65       3
       40821    434.23     42.81   1537.25    149.01       3
       40822    381.34     55.64   1357.91    191.57       3
       40823    316.11     65.53   1128.49    223.72       3
       40824    241.34     51.79    864.34    175.99       2
       40825    178.35     31.86    647.36    112.78       3
       40826    132.14     14.92    482.83     53.30       3
       40827     77.84     21.25    287.93     76.70       3
       40828     46.09   -999.00    171.79   -999.00       1
       40829     15.47      4.93     58.63     18.29       2
       40830     21.75      8.20     79.07     28.55       2
       40831      3.71      1.71     14.37      6.94       3
       40901      8.36      6.63     30.47     24.43       2
       40902     31.15      8.83    111.89     32.31       3
       40903     81.58     37.28    292.62    130.62       3
       40904    162.62     31.20    577.55    100.63       2
       40905    157.87      8.01    567.26     20.61       3
       40906    186.21     29.80    671.37    108.73       3
       40907    273.72     60.26    983.02    210.62       3
       40908    293.71     14.73   1053.01     55.64       3
       40909    280.18     41.49    999.21    141.06       3
       40910    245.80      8.99    878.97     28.61       2
       40911    172.24     24.15    618.62     85.45       3
       40912    161.95     16.69    578.95     57.97       3
       40913   -999.00   -999.00   -999.00   -999.00       0
       40914    204.94     21.84    721.70     73.97       3
       40915    234.39     20.49    825.18     68.18       3
       40916    199.91     76.20    712.67    265.08       3
       40917    178.66     48.18    637.52    164.72       3
       40918    193.87     42.40    687.19    148.24       2
       40919    179.48     17.32    640.49     64.90       2
       40920    199.36     21.54    706.78     74.84       3
       40921    188.63     40.42    666.67    137.20       3
       40922    162.72     49.94    576.34    170.75       3
       40923    134.99     11.84    480.06     41.34       3
       40924    109.19     35.15    387.90    121.39       3
       40925     71.20     24.12    253.82     82.41       2
       40926     45.62     18.58    164.94     65.00       2
       40927     39.46      9.55    143.67     33.64       3
       40928     39.51      2.53    146.50     10.96       3
       40929     61.27     11.19    229.66     38.70       3
       40930     97.77     14.05    366.08     53.50       3
       41001     77.17      6.96    287.97     24.78       3
       41002     75.37     15.04    281.34     53.38       3
       41003     67.37     11.64    254.27     44.30       3
       41004     65.50     12.51    246.66     45.00       3
       41005     44.63     14.39    168.82     53.43       3
       41006     27.60     10.44    105.50     38.87       3
       41007     14.16      4.95     54.57     18.53       3
       41008     11.35      4.84     43.61     18.31       3
       41009      9.64   -999.00     36.76   -999.00       1
       41010   -999.00   -999.00   -999.00   -999.00       0
       41011      6.10   -999.00     24.64   -999.00       1
       41012      8.92      4.86     34.96     17.74       3
       41013     31.74     12.54    118.11     44.65       2
       41014     68.07      5.88    245.73     19.30       3
       41015     88.65      8.83    314.95     29.21       3
       41016    105.75     25.99    378.97     87.60       3
       41017    116.55     26.30    427.19     95.91       3
       41018    126.71     22.35    468.30     82.23       3
       41019    145.75     44.11    541.10    162.99       3
       41020    158.89     25.43    588.32     90.22       3
       41021    185.56     10.10    682.95     33.61       3
       41022    248.83    120.69    897.76    423.55       3
       41023    278.53     98.95   1003.10    342.20       3
       41024    344.14     96.10   1239.54    336.20       2
       41025    460.06     33.89   1646.07    117.81       2
       41026    477.16     84.87   1714.10    297.01       3
       41027    474.43    173.64   1704.81    612.91       2
       41028    410.58     54.65   1488.37    198.47       3
       41029    409.97      4.38   1469.43     21.26       3
       41030    425.83     54.24   1513.72    179.40       3
       41031    470.59     45.06   1660.97    151.79       2
       41101    547.25    113.58   1898.42    376.20       2
       41102    589.32    158.37   2038.09    524.49       2
       41103    630.18     48.79   2183.54    163.20       2
       41104    680.27    131.99   2349.74    440.64       2
       41105    846.96    148.23   2899.38    488.76       3
       41106    787.53    176.07   2694.76    578.66       3
       41107    538.17     15.73   1862.85     48.15       2
       41108    391.19     10.14   1352.82     42.42       2
       41109    351.45    104.87   1205.15    340.71       3
       41110    145.40     21.12    506.73     71.17       3
       41111     91.39      1.36    325.73     10.66       2
       41112     52.17     26.37    196.85     97.55       3
       41113     95.12   -999.00    354.16   -999.00       1
       41114    119.57   -999.00    444.17   -999.00       1
       41115    131.47     12.93    483.42     40.12       2
       41116    122.64     18.67    448.55     61.75       2
       41117    110.36     11.43    410.29     40.10       3
       41118     69.38      5.49    261.71     20.57       3
       41119     62.65      7.42    235.63     28.90       3
       41120     49.05      9.83    183.05     35.40       3
       41121     40.20      3.15    149.90     11.39       2
       41122     60.87      8.43    224.77     28.73       2
       41123     68.83     31.71    253.78    113.27       3
       41124     75.35     38.06    279.26    137.93       3
       41125     72.99     25.67    271.93     93.03       3
       41126    131.93     14.39    482.06     50.06       3
       41127    160.97     14.32    586.01     48.66       3
       41128    199.31     29.86    722.51    106.39       2
       41129    268.00     64.18    969.31    229.18       3
       41130    267.31     56.39    967.37    197.29       2
       41201    273.94     30.12    988.59    102.27       2
       41202    238.16     37.13    862.33    131.01       2
       41203    227.39      9.79    823.24     35.80       2
       41204    105.24      5.79    388.14     18.85       2
       41205     60.42     33.00    224.91    120.18       3
       41206     47.18      8.87    174.99     33.53       3
       41207     22.96     10.02     86.32     36.91       3
       41208     20.61      2.11     80.01      8.38       2
       41209     25.95   -999.00    100.41   -999.00       1
       41210     13.23      2.50     52.21     10.22       2
       41211     24.54     15.73     92.55     57.11       3
       41212     45.65      1.70    168.18      5.98       3
       41213     39.89     19.75    145.90     71.57       3
       41214     27.64     24.73    100.34     88.40       3
       41215     10.54      3.71     39.35     11.72       2
       41216      9.62      1.53     37.07      5.28       2
       41217     21.78     14.28     82.11     51.98       2
       41218     29.38      6.71    110.17     24.53       3
       41219     39.04      3.59    143.71     10.85       2
       41220     92.65     22.67    331.04     79.36       2
       41221    108.23   -999.00    386.86   -999.00       1
       41222    132.29      2.18    478.15      6.86       2
       41223    146.14     32.02    524.92    114.39       2
       41224    139.01     27.38    502.61     97.06       3
       41225     65.53     20.78    239.30     73.46       3
       41226     56.87   -999.00    207.68   -999.00       1
       41227     26.45     11.46     98.02     42.91       3
       41228     18.88      7.49     68.97     26.44       3
       41229     53.61     21.63    191.04     72.63       3
       41230     87.47     36.50    309.67    126.62       3
       41231     97.44     17.75    349.80     63.94       3
