Tue Dec  2 10:03:00 2014   calc_USAF_spotindex_Nov12.pro
SSB:1984 AREA-DEP & AREA-INDEP CONTRASTS & SDEVS: BOL EXCESS=0.324
      840101   -999.00   -999.00   -999.00   -999.00       0
      840102      5.85   -999.00     23.63   -999.00       1
      840103      4.77   -999.00     18.70   -999.00       1
      840104   -999.00   -999.00   -999.00   -999.00       0
      840105      6.63      2.42     26.36      9.20       3
      840106     15.63      8.55     58.77     31.10       5
      840107     41.73     25.81    156.72     95.54       6
      840108     66.97     26.82    251.66     97.52       6
      840109    119.73     68.46    439.65    245.65       6
      840110     97.32     38.94    357.91    138.74       6
      840111    155.11     19.95    562.85     69.62       4
      840112    213.10     86.03    758.89    297.31       5
      840113    279.71     96.48    991.58    329.21       5
      840114    411.22    160.94   1441.02    549.56       4
      840115    436.58     41.35   1528.96    142.71       5
      840116    336.95     98.43   1186.20    335.94       6
      840117    373.92    119.92   1314.47    407.98       4
      840118    283.02     89.88   1001.04    309.35       5
      840119    216.11     75.88    768.83    262.28       7
      840120    212.13     54.73    771.46    193.17       5
      840121    381.73    157.53   1361.85    555.92       6
      840122    223.45     76.79    798.54    269.17       6
      840123    269.56     80.99    962.07    282.60       6
      840124    588.74    131.61   2047.18    445.95       5
      840125    813.82    320.46   2809.45   1078.00       6
      840126   1306.23    405.30   4436.22   1330.49       6
      840127   1826.74    227.51   6136.30    741.76       5
      840128   2124.47    178.42   7087.40    576.96       5
      840129   2388.02    157.07   7928.57    512.56       6
      840130   2207.05    225.28   7313.59    741.07       3
      840131   1527.47    413.77   5091.12   1340.45       5
      840201   1121.57    459.87   3763.19   1516.39       4
      840202    582.46    112.13   1969.78    374.26       4
      840203    311.13    180.81   1066.92    607.83       6
      840204    186.98     80.15    658.19    265.64       5
      840205    237.35     46.68    844.88    159.95       5
      840206    333.99     54.61   1188.91    191.99       5
      840207    476.18    103.39   1683.16    354.52       4
      840208    542.14    257.49   1912.79    888.43       3
      840209    906.05     85.15   3143.10    284.18       4
      840210    930.71    289.67   3226.08    981.69       5
      840211   1008.77     96.67   3481.46    324.27       3
      840212    648.78    131.88   2257.99    446.78       6
      840213    554.33    161.20   1920.50    549.03       3
      840214    442.61    119.35   1535.92    407.79       4
      840215    156.22     65.17    555.43    225.11       5
      840216    112.91     45.86    399.92    156.11       6
      840217     80.97     18.01    287.31     64.44       6
      840218    248.41     31.09    835.73    100.51       5
      840219    433.56    184.31   1444.54    580.38       5
      840220    638.36    154.59   2141.49    509.38       5
      840221    811.18    171.34   2748.68    561.41       6
      840222    866.98    313.16   2965.09   1046.53       6
      840223   1104.33    115.35   3770.65    379.34       6
      840224    938.44    282.58   3230.89    941.62       6
      840225   1055.54    216.79   3620.22    725.65       7
      840226    937.96    176.22   3235.93    590.97       5
      840227    705.31    195.92   2448.98    657.31       6
      840228    711.11    193.66   2461.38    651.64       4
      840229    368.97    136.33   1302.22    462.48       4
      840301    243.96    127.41    871.26    445.20       3
      840302    210.37    152.21    750.81    532.09       4
      840303    176.60     80.07    641.04    281.87       5
      840304     99.07     31.16    365.27    112.74       4
      840305    119.08     58.97    438.85    210.35       4
      840306    157.22     53.03    573.53    185.50       5
      840307    213.98     55.90    782.17    196.47       5
      840308    296.15     51.88   1076.74    182.35       6
      840309    335.61     71.44   1211.15    254.23       5
      840310    207.14     40.70    753.64    145.06       4
      840311    177.18     92.44    657.45    334.53       4
      840312    211.58     63.42    776.49    224.54       6
      840313    294.13    145.45   1044.54    480.50       6
      840314    351.61    123.94   1248.68    423.76       5
      840315    318.84     58.53   1147.11    206.73       6
      840316    420.39    204.63   1504.12    720.48       6
      840317    275.89     39.07    991.05    138.48       4
      840318    253.59     24.64    918.06     87.79       5
      840319    210.05     36.58    769.40    128.93       5
      840320    217.01     38.47    795.57    140.15       5
      840321    236.60     51.74    869.50    184.41       5
      840322    252.96     20.60    933.76     74.42       4
      840323    219.30     37.59    809.78    134.52       5
      840324    205.63     17.81    761.47     62.00       3
      840325    183.67     96.77    682.82    346.88       5
      840326    223.91     90.90    823.78    321.78       5
      840327    214.62     56.00    774.67    199.63       6
      840328    302.89     23.79   1060.73     84.32       5
      840329    476.76     69.52   1650.72    221.16       5
      840330    773.34    313.99   2658.62   1076.41       6
      840331    736.43     96.29   2533.11    326.85       6
      840401    847.18    125.89   2904.55    423.89       6
      840402    863.26    230.09   2970.72    805.87       5
      840403    559.59     44.09   1931.11    147.85       4
      840404    473.93    173.12   1644.55    583.12       5
      840405    365.62     99.65   1262.94    334.89       6
      840406    276.61    117.92    975.64    412.48       5
      840407    103.98     85.60    371.63    294.30       5
      840408     15.39     11.30     59.13     42.97       4
      840409     12.40      3.14     48.99     12.78       2
      840410      3.04      0.56     12.27      2.28       2
      840411     26.33   -999.00     96.71   -999.00       1
      840412    126.88     54.93    441.90    186.54       7
      840413    234.76     44.14    810.51    148.96       5
      840414    379.99     79.56   1302.48    259.31       7
      840415    460.92     60.40   1589.07    201.58       6
      840416    543.71    104.28   1872.31    349.73       7
      840417    491.67     41.87   1698.47    140.53       6
      840418    408.79    134.39   1430.55    459.48       5
      840419    366.82     39.27   1296.84    139.05       4
      840420    268.22     47.88    961.28    170.08       3
      840421    254.55     87.30    906.32    301.50       3
      840422    233.47     29.97    816.36     96.88       4
      840423    597.75    339.90   2015.05   1126.26       5
      840424    972.26    233.62   3226.85    750.29       6
      840425   1255.28    179.31   4154.93    576.33       6
      840426   1738.46    315.96   5706.47   1004.42       5
      840427   1963.51    659.65   6425.46   2060.55       6
      840428   1960.61     91.04   6470.25    296.31       6
      840429   2057.70    468.30   6793.36   1486.56       4
      840430   1559.06   -999.00   5182.57   -999.00       1
      840501   1226.15    177.77   4097.89    572.58       6
      840502    766.01     91.59   2590.75    301.87       4
      840503    446.38    179.45   1523.66    595.31       5
      840504    104.59     40.59    371.26    141.21       6
      840505     53.10     73.62    184.84    246.80       5
      840506     47.66     28.31    167.17     96.70       6
      840507    194.75     86.82    662.30    286.47       6
      840508    670.58    219.84   2237.08    727.90       5
      840509    787.47    153.51   2631.69    502.38       6
      840510   1094.71    154.47   3642.02    496.05       6
      840511   1155.22    224.04   3849.33    721.99       6
      840512   1214.85    192.07   4047.77    618.68       7
      840513   1160.80     82.96   3899.79    270.85       5
      840514    962.68    131.15   3236.24    428.86       5
      840515    667.23     94.86   2268.65    306.83       6
      840516    349.13    135.63   1216.03    456.05       4
      840517    227.91     53.91    803.69    182.66       6
      840518    265.49    335.48    927.28   1129.68       6
      840519    161.35     66.48    573.35    231.31       5
      840520    282.93     67.50    987.96    226.63       6
      840521    350.28    129.59   1212.73    435.08       6
      840522    443.28    110.94   1540.79    373.57       6
      840523    423.92    109.80   1482.22    372.95       7
      840524    399.94     43.53   1403.60    150.41       4
      840525    451.68    161.22   1580.57    558.38       6
      840526    318.04     43.85   1126.14    148.55       7
      840527    226.65     65.69    811.95    232.36       5
      840528    189.53     31.46    681.41    114.45       6
      840529    269.90     73.76    948.59    246.57       7
      840530    252.85     54.72    891.26    188.23       5
      840531    318.57     48.80   1122.14    166.16       6
      840601    330.48    162.10   1171.78    567.30       5
      840602    260.80     13.87    924.08     50.46       4
      840603    147.06     80.29    524.83    284.08       5
      840604    145.18     35.64    518.93    123.24       7
      840605    136.16     45.60    487.26    157.83       3
      840606    101.92     24.13    369.01     84.46       6
      840607     79.06     28.92    288.94    103.33       5
      840608     60.78      8.89    225.95     32.38       5
      840609     57.97      6.35    215.94     22.89       7
      840610     47.29     17.35    177.50     62.49       6
      840611     33.95      5.55    131.09     20.77       6
      840612     54.20     19.48    204.97     70.99       6
      840613     71.30     25.97    266.95     93.91       6
      840614    129.13     53.81    473.93    192.55       5
      840615    196.97     50.86    712.55    175.62       6
      840616    309.77     70.45   1108.98    244.82       6
      840617    330.14     53.94   1178.12    189.50       6
      840618    332.86     69.72   1177.67    243.55       6
      840619    290.35     68.55   1035.65    236.26       5
      840620    284.27     22.43   1018.52     78.43       3
      840621    213.74     47.53    770.94    166.70       5
      840622    186.82     37.54    680.14    133.81       5
      840623    206.57     43.15    746.30    149.73       4
      840624    246.67     67.86    879.81    230.62       4
      840625    316.60     77.64   1113.18    261.60       4
      840626    214.06     33.20    763.98    113.81       5
      840627    213.78     64.81    761.59    218.40       5
      840628    135.31     47.26    492.92    167.66       5
      840629    159.24     82.96    585.45    300.71       5
      840630    146.18     39.94    534.42    140.17       6
      840701    148.89     30.34    545.98    106.02       6
      840702    132.47     36.92    489.07    131.89       6
      840703    148.24     15.63    548.28     55.54       6
      840704    201.32     52.36    739.70    185.68       4
      840705    159.55     43.13    589.27    153.78       4
      840706    131.95     55.41    493.07    199.59       5
      840707    179.88     42.61    664.99    153.34       6
      840708    135.74     16.27    508.44     57.37       5
      840709    138.71     58.32    516.22    210.27       4
      840710    164.40     34.54    607.73    121.65       5
      840711    158.20     25.14    582.22     90.00       5
      840712    224.39    292.02    789.89    975.47       6
      840713     94.41     41.44    350.57    150.92       7
      840714     69.86     14.48    262.83     52.30       7
      840715     56.69     32.47    214.46    119.91       6
      840716     35.30      8.64    132.45     31.76       7
      840717     18.94      2.68     72.05     10.99       6
      840718     14.20     19.87     55.18     76.67       6
      840719     17.51      9.35     68.49     36.23       6
      840720     20.69     16.18     81.38     62.93       6
      840721     29.75     15.42    112.82     57.18       6
      840722     73.57     32.89    268.40    115.07       6
      840723     59.40     14.65    219.12     52.22       7
      840724     50.09     10.52    187.56     37.40       7
      840725     31.41      3.82    119.49     13.44       4
      840726     20.52      5.97     78.71     22.42       7
      840727     20.09     10.00     77.55     37.75       5
      840728     13.66      6.83     53.01     25.57       5
      840729     10.56      0.33     41.45      1.28       3
      840730      9.32      6.89     36.74     26.61       4
      840731      8.97      9.60     34.58     36.88       4
      840801     16.71      4.16     63.90     16.20       6
      840802     28.72      9.63    107.27     34.66       6
      840803     32.97      4.65    124.08     16.75       6
      840804     25.28      8.62     97.26     32.42       6
      840805     13.35     11.93     51.72     45.11       6
      840806     30.38     27.64    114.43    103.50       5
      840807     46.17     14.05    172.09     49.22       6
      840808     74.63     28.14    274.09    100.54       5
      840809    113.38     26.82    409.30     92.54       4
      840810    166.30     89.34    597.27    315.92       6
      840811     63.01      8.55    233.24     29.72       5
      840812     48.15     15.48    183.84     58.92       6
      840813     36.47     15.39    139.87     57.90       6
      840814     23.29     11.00     90.28     41.03       6
      840815     15.58      3.65     61.18     14.33       5
      840816      5.71      0.83     22.08      3.29       3
      840817     10.68      3.58     40.36     13.22       6
      840818      9.42      4.52     36.01     16.78       5
      840819     21.62     10.75     82.05     39.57       5
      840820     28.18      8.39    107.27     30.85       5
      840821     32.06      6.77    121.37     25.35       5
      840822     20.90      4.75     80.69     17.77       6
      840823     17.06      7.34     67.22     28.23       6
      840824     47.78     18.75    180.76     68.54       5
      840825     58.42     19.91    218.91     72.01       6
      840826     72.58     16.44    267.14     57.76       5
      840827    125.78     33.24    454.47    116.79       6
      840828    137.66     16.75    493.22     56.70       6
      840829    184.24     57.50    651.31    195.72       5
      840830    208.65     46.57    734.43    158.29       6
      840831    262.49     43.20    918.13    146.49       5
      840901    290.58     56.08   1010.94    188.93       6
      840902    231.79     27.86    813.38     91.59       6
      840903    188.79     17.88    678.76     64.23       6
      840904    120.81     16.59    441.46     61.25       6
      840905     72.50     11.78    273.24     43.19       4
      840906     27.17     15.30    105.22     58.58       6
      840907     14.24      8.78     53.77     32.32       5
      840908     11.49      6.09     44.75     23.49       6
      840909     14.80      5.16     56.86     19.21       6
      840910      7.81      2.86     31.15     11.02       6
      840911      5.86      0.25     23.68      1.03       5
      840912      5.62   -999.00     22.69   -999.00       1
      840913   -999.00   -999.00   -999.00   -999.00       0
      840914   -999.00   -999.00   -999.00   -999.00       0
      840915      5.17   -999.00     20.87   -999.00       1
      840916      3.85      0.52     15.57      2.11       2
      840917   -999.00   -999.00   -999.00   -999.00       0
      840918   -999.00   -999.00   -999.00   -999.00       0
      840919   -999.00   -999.00   -999.00   -999.00       0
      840920   -999.00   -999.00   -999.00   -999.00       0
      840921      6.08      3.19     24.06     12.03       6
      840922      5.64      4.12     22.09     15.69       4
      840923      2.99      1.02     11.85      3.80       2
      840924      4.73   -999.00     19.13   -999.00       1
      840925   -999.00   -999.00   -999.00   -999.00       0
      840926   -999.00   -999.00   -999.00   -999.00       0
      840927   -999.00   -999.00   -999.00   -999.00       0
      840928   -999.00   -999.00   -999.00   -999.00       0
      840929     14.33   -999.00     55.30   -999.00       1
      840930   -999.00   -999.00   -999.00   -999.00       0
      841001      4.96   -999.00     20.03   -999.00       1
      841002      5.24   -999.00     21.16   -999.00       1
      841003      6.96   -999.00     28.12   -999.00       1
      841004      6.88   -999.00     27.80   -999.00       1
      841005   -999.00   -999.00   -999.00   -999.00       0
      841006   -999.00   -999.00   -999.00   -999.00       0
      841007   -999.00   -999.00   -999.00   -999.00       0
      841008     15.48      3.73     60.14     13.94       4
      841009     23.10     10.81     88.09     39.75       6
      841010     21.99      4.99     85.60     19.27       7
      841011     27.94     15.41    108.47     58.95       5
      841012     25.29     19.38     96.89     72.28       5
      841013     13.49   -999.00     53.10   -999.00       1
      841014   -999.00   -999.00   -999.00   -999.00       0
      841015     17.92     17.09     66.16     61.92       4
      841016     64.09     27.34    231.23     96.43       6
      841017     97.78     21.93    351.43     76.73       6
      841018     99.70     28.20    359.99     98.56       5
      841019     83.83     19.43    306.18     68.17       5
      841020     74.84     26.14    273.56     92.14       5
      841021     45.18     11.06    168.21     40.38       5
      841022     29.52      8.45    110.33     30.86       4
      841023     13.09      2.89     49.75     10.78       3
      841024      5.80      1.82     22.19      6.64       3
      841025      1.52      0.02      5.90      0.16       2
      841026      5.92   -999.00     23.92   -999.00       1
      841027      6.00   -999.00     24.23   -999.00       1
      841028   -999.00   -999.00   -999.00   -999.00       0
      841029      5.12      2.97     20.27     11.39       2
      841030     10.57      0.17     42.72      0.69       2
      841031     18.23     18.26     71.56     71.20       4
      841101     17.03      8.86     66.94     33.98       5
      841102      9.30   -999.00     37.57   -999.00       1
      841103     10.12      8.55     38.38     31.55       4
      841104      7.38      6.26     28.13     23.27       5
      841105      4.40      0.67     17.28      2.61       2
      841106   -999.00   -999.00   -999.00   -999.00       0
      841107   -999.00   -999.00   -999.00   -999.00       0
      841108      4.45      0.21     17.98      0.85       3
      841109     51.88     42.82    191.73    153.17       6
      841110     59.97     24.90    221.98     89.17       7
      841111     63.83     31.73    236.99    115.44       5
      841112     43.31     26.44    161.61     95.23       6
      841113     26.15     24.49     97.70     88.22       6
      841114     18.38     15.43     69.81     55.62       6
      841115     35.14     54.87    127.47    192.02       6
      841116     20.68     26.08     77.81     94.80       4
      841117      8.90      3.76     35.17     13.79       4
      841118      9.79      8.19     36.99     29.86       6
      841119      5.69      4.00     22.61     15.67       5
      841120     59.06     23.11    217.16     82.54       4
      841121    138.07     89.69    496.21    313.86       7
      841122    109.71     38.87    393.48    135.59       6
      841123    150.72     48.17    538.59    167.25       5
      841124    187.50     53.66    667.82    185.66       5
      841125    246.42     68.81    873.85    235.15       4
      841126    310.34     53.16   1090.54    180.59       4
      841127    349.40    151.42   1223.06    519.51       5
      841128    202.20     65.30    716.89    226.82       7
      841129    119.37     51.76    425.92    179.49       6
      841130     65.08     36.13    231.82    125.01       4
      841201     16.23      6.28     61.07     24.23       5
      841202     13.94     12.76     52.95     47.20       4
      841203      8.03      2.97     30.88     10.77       5
      841204     19.53      7.44     74.01     26.64       5
      841205     14.92      7.57     56.89     27.96       5
      841206     20.50      7.57     79.97     28.35       6
      841207     23.12      7.74     89.50     29.54       5
      841208     25.81     20.43     99.47     76.35       6
      841209     13.24      8.72     52.77     34.46       4
      841210     18.36     23.97     69.56     87.54       6
      841211     79.20     31.17    289.51    111.00       6
      841212    145.76     34.16    521.86    118.39       5
      841213    112.17     18.85    405.27     66.07       5
      841214     72.16     23.98    264.68     85.68       4
      841215     52.61     19.73    195.11     70.04       4
      841216     53.92     15.52    200.68     55.60       6
      841217     42.46     19.49    158.48     70.51       6
      841218     17.25      6.69     66.27     24.76       6
      841219     11.02      4.21     43.09     16.15       4
      841220      8.96      8.65     34.95     32.99       4
      841221      9.94      4.15     40.17     16.75       2
      841222      6.60      2.96     26.69     11.97       3
      841223      5.65   -999.00     22.81   -999.00       1
      841224     18.39      5.98     71.14     22.39       5
      841225     12.63      5.15     50.26     19.49       3
      841226     16.43      5.93     64.39     22.69       6
      841227      9.12      3.27     36.05     12.48       5
      841228     14.54      5.26     56.55     19.83       6
      841229     10.67      3.22     42.31     12.32       6
      841230      5.70      4.10     22.70     16.09       4
      841231      4.93   -999.00     19.90   -999.00       1
