Tue Dec  2 10:03:15 2014   calc_USAF_spotindex_Nov12.pro
SSB:1990 AREA-DEP & AREA-INDEP CONTRASTS & SDEVS: BOL EXCESS=0.324
      900101    365.18     73.38   1278.35    250.25       5
      900102    442.86     50.82   1551.69    173.14       6
      900103    362.39     77.06   1292.32    265.00       5
      900104    465.01    101.01   1662.89    356.11       6
      900105    504.53     98.05   1797.14    341.42       5
      900106    446.30    137.32   1594.81    480.26       5
      900107    350.75    100.94   1259.54    354.70       6
      900108   -999.00   -999.00   -999.00   -999.00       0
      900109    335.92     89.77   1217.87    316.45       2
      900110    448.73    117.07   1621.97    411.52       6
      900111    404.20    180.28   1462.52    632.98       6
      900112    333.80     72.30   1222.76    257.89       6
      900113    263.98    104.32    977.37    372.02       7
      900114    206.11     41.17    766.87    146.69       6
      900115    242.54    129.78    892.79    470.32       6
      900116    331.85    118.73   1200.11    414.07       4
      900117    379.68     80.51   1370.99    280.09       6
      900118    421.58    132.96   1527.35    467.30       5
      900119    514.75    171.21   1850.58    596.67       4
      900120    521.52    152.52   1882.47    532.79       6
      900121    462.08    158.91   1674.20    555.78       6
      900122    434.91     93.49   1561.02    326.55       5
      900123    578.45    152.28   2047.04    529.51       6
      900124    900.38    142.21   3126.76    477.15       5
      900125   1056.74    173.59   3644.20    587.91       5
      900126   1075.51     77.22   3704.68    268.42       4
      900127   1056.99    230.04   3641.68    775.06       5
      900128   1128.88    152.83   3890.30    524.67       5
      900129   1252.56    632.88   4307.15   2109.93       4
      900130    817.04    230.93   2857.16    775.79       7
      900131    781.05    117.18   2753.49    404.83       5
      900201    592.99    108.05   2119.33    378.51       6
      900202    466.30    148.82   1690.39    533.65       5
      900203    377.83    139.80   1370.51    496.61       6
      900204    248.73     64.45    906.87    228.41       7
      900205    191.15     43.90    701.30    156.42       6
      900206    133.74     18.32    495.59     65.60       6
      900207    125.38     24.35    461.16     88.79       4
      900208    122.70     32.47    451.86    118.13       4
      900209    157.86     21.96    577.28     80.71       6
      900210    207.53     48.32    743.64    173.77       7
      900211    234.36     41.05    838.29    145.01       7
      900212    278.69     62.29    991.37    217.82       6
      900213    318.69     71.52   1137.11    257.40       5
      900214    834.71   1307.47   2804.37   4251.04       6
      900215    966.43   1687.68   3214.63   5461.18       6
      900216    604.99   1086.54   1997.33   3465.27       7
      900217    148.87     30.67    525.70    108.16       5
      900218    120.92     21.98    433.62     78.65       7
      900219    145.23     31.06    528.17    112.41       7
      900220    274.95     49.64    992.44    171.65       6
      900221    504.36    190.84   1800.34    661.20       5
      900222   1014.24    649.61   3518.74   2132.64       6
      900223    927.15    245.69   3280.84    842.17       7
      900224   1053.59    209.87   3707.18    712.27       6
      900225   1173.34    214.39   4123.80    739.19       6
      900226   1081.74    265.02   3799.64    916.61       5
      900227   1007.80    187.23   3548.70    643.02       5
      900228    791.30    180.87   2816.53    623.87       5
      900301    574.71     53.18   2061.48    183.51       6
      900302    461.67    146.12   1665.28    513.94       6
      900303    326.16     79.40   1185.56    282.83       4
      900304    339.94     74.51   1217.93    259.09       5
      900305    407.05    102.82   1437.45    354.07       6
      900306    475.85     92.48   1676.61    319.05       6
      900307    609.57    181.88   2131.32    618.54       4
      900308    517.77     70.45   1821.79    237.82       3
      900309    365.35     49.22   1297.27    169.96       7
      900310    326.11     32.87   1163.01    113.97       6
      900311    263.85     36.45    948.70    124.76       6
      900312    222.45     25.74    807.29     91.39       6
      900313    256.92     45.37    920.79    157.42       4
      900314    272.33     72.20    974.12    249.69       7
      900315    326.78    103.52   1166.90    348.81       6
      900316    308.49     68.04   1113.97    233.86       6
      900317    390.01    115.69   1396.85    402.77       6
      900318    502.66    164.56   1792.70    572.69       4
      900319    459.59    252.49   1639.28    873.51       6
      900320    702.17    278.87   2492.43    962.56       7
      900321    767.10    119.54   2708.45    420.08       7
      900322    864.85    154.42   3038.08    531.25       7
      900323    868.99    157.69   3064.63    543.05       5
      900324    909.98    177.40   3207.72    605.79       5
      900325    967.29    250.55   3382.90    851.64       6
      900326    899.37    118.25   3153.44    401.91       4
      900327    679.37    184.38   2398.90    637.44       4
      900328    522.96    146.15   1854.96    501.39       5
      900329    288.99     92.17   1052.89    325.32       4
      900330    211.15     46.80    783.41    168.97       6
      900331    277.61     91.95   1007.78    321.75       7
      900401    336.75     73.62   1210.35    255.72       6
      900402    380.81     58.98   1356.85    203.40       6
      900403    417.99     74.95   1483.93    255.62       6
      900404    426.81     84.35   1516.92    286.90       6
      900405    456.30     92.37   1622.86    324.61       4
      900406    416.20     75.28   1485.13    262.84       5
      900407    252.65    111.26    917.81    397.40       7
      900408    201.24     31.41    735.83    114.99       5
      900409    160.95     17.88    592.14     65.25       5
      900410    120.72     10.37    446.79     37.65       4
      900411    130.96     73.61    486.69    268.10       4
      900412    161.31     54.87    593.06    196.21       3
      900413    232.16     81.07    843.41    285.38       6
      900414    386.10    166.32   1365.55    576.03       6
      900415    572.71    144.31   2010.56    494.70       4
      900416    654.09    181.55   2270.41    614.15       5
      900417    851.17    134.37   2949.28    460.84       4
      900418    891.70    168.68   3104.48    578.05       4
      900419    713.86     71.98   2491.79    246.63       4
      900420    824.93     87.34   2899.72    306.04       4
      900421    647.86    131.05   2308.47    461.84       6
      900422    653.80    173.41   2328.95    599.92       5
      900423    526.29    149.94   1889.24    529.15       7
      900424    393.03     64.50   1427.13    226.63       5
      900425    349.27     61.84   1272.64    221.02       5
      900426    290.87     47.72   1065.40    170.15       6
      900427    343.36     57.34   1256.49    202.52       6
      900428    268.92     37.96    989.12    136.13       6
      900429    272.28     89.84    999.82    317.97       5
      900430    225.00     59.24    828.85    213.37       6
      900501    183.55     65.71    674.89    236.99       6
      900502    146.18     25.51    540.58     90.92       6
      900503    162.52     24.53    595.24     86.34       5
      900504    163.58     24.06    600.06     85.66       5
      900505    211.94     45.12    770.30    157.96       7
      900506    427.97    243.68   1532.27    836.19       7
      900507    371.63    107.19   1348.49    377.32       5
      900508    359.59     62.92   1309.66    222.00       6
      900509    310.78    106.16   1134.80    374.22       6
      900510    271.65    119.12    988.04    419.67       6
      900511    178.40     61.37    659.58    224.98       6
      900512    217.51   -999.00    805.70   -999.00       1
      900513    314.64    107.72   1113.83    376.26       6
      900514    399.53    113.09   1407.10    386.72       6
      900515    737.67    202.68   2550.74    681.98       7
      900516    992.49    307.48   3395.26   1015.57       7
      900517   1363.07    228.92   4620.45    747.46       6
      900518   1784.52    307.39   5971.79    992.15       6
      900519   1739.90    283.39   5829.25    909.37       7
      900520   1500.60    210.25   5061.59    676.36       6
      900521   1322.30    230.13   4512.87    772.62       4
      900522   1035.78    109.13   3568.56    364.28       6
      900523    908.93    118.86   3161.02    399.16       6
      900524    668.56    145.27   2357.16    492.26       5
      900525    427.12     91.09   1531.46    315.06       7
      900526    333.65    143.70   1197.67    494.95       7
      900527    313.84     94.01   1135.66    333.75       5
      900528    248.40     47.93    911.33    170.07       5
      900529    206.13    100.55    760.67    361.85       5
      900530    160.59     50.75    596.90    181.81       7
      900531    169.18     33.65    626.16    119.59       7
      900601    170.98    137.69    620.01    493.62       3
      900602    242.94     79.26    881.58    279.64       7
      900603    167.30     57.56    616.90    204.83       6
      900604    255.81    302.75    917.37   1042.17       7
      900605    178.74     57.64    648.64    203.79       7
      900606    267.60    124.75    967.82    439.51       5
      900607    324.84     82.96   1155.24    283.62       6
      900608    330.00     85.59   1163.63    294.43       3
      900609    406.35     49.29   1420.87    172.03       6
      900610    489.34     86.68   1715.19    298.88       5
      900611    532.91     81.98   1882.65    285.53       6
      900612    593.53     96.55   2085.84    330.79       6
      900613    397.18    151.47   1409.30    532.10       7
      900614    492.22     67.31   1748.24    231.80       7
      900615    453.83     42.81   1612.05    149.66       6
      900616    418.34     52.54   1504.86    183.93       7
      900617    376.24     32.81   1362.59    117.65       6
      900618    275.45     73.27   1002.34    258.37       6
      900619    174.88     39.81    642.21    142.40       7
      900620    168.77     45.00    621.09    163.39       7
      900621    113.08     44.22    416.07    158.15       6
      900622    101.45     29.68    376.88    106.63       7
      900623    102.64     28.71    382.45    104.00       6
      900624    164.99     40.02    601.17    140.21       6
      900625    277.78     62.23    986.41    217.97       7
      900626    309.99    133.55   1100.75    464.44       5
      900627    546.22    108.52   1928.61    374.36       6
      900628    698.22    478.04   2470.86   1641.89       4
      900629    807.93    193.41   2862.41    672.90       6
      900630   1202.83    244.93   4246.93    861.55       6
      900701   1484.77    323.75   5179.90   1100.20       6
      900702   1706.79    241.66   5938.30    821.26       6
      900703   1588.08    217.51   5531.03    731.72       5
      900704   1553.67    291.46   5411.82    981.97       6
      900705   1224.28    248.02   4278.12    844.61       6
      900706    967.53     80.71   3400.98    271.33       5
      900707    728.47     41.88   2566.99    147.39       5
      900708    449.68    106.92   1596.66    368.97       6
      900709    248.23     59.62    896.44    223.20       5
      900710    218.32     36.94    799.35    132.81       6
      900711    177.55     31.75    659.73    117.65       7
      900712    216.16     19.98    802.10     70.02       4
      900713    201.59     35.95    743.40    130.27       6
      900714    196.66     40.49    725.02    149.12       6
      900715    176.11     27.50    649.62    100.20       4
      900716    142.27     24.72    526.73     90.83       7
      900717     93.13     23.05    348.28     85.60       7
      900718    137.38     45.98    488.99    157.42       6
      900719    220.54     75.70    771.84    257.99       7
      900720    378.51     85.15   1311.98    290.72       6
      900721    594.59    129.88   2064.92    444.59       6
      900722    758.64     98.29   2636.22    333.06       6
      900723    790.69    133.55   2764.13    455.28       7
      900724    954.64    238.25   3313.35    791.88       7
      900725   1067.12    147.78   3701.70    496.21       7
      900726    871.04    132.32   3054.69    453.54       5
      900727    810.46    106.89   2866.70    368.65       5
      900728    534.51    115.33   1920.20    410.03       7
      900729    403.69     52.08   1468.22    184.47       7
      900730    276.16     52.66   1022.49    183.49       6
      900731    244.16     65.60    907.48    235.82       7
      900801    423.80    125.61   1525.04    434.91       7
      900802    594.30     79.92   2100.69    275.51       6
      900803    618.20     45.59   2178.08    155.19       5
      900804    578.60     89.10   2055.07    309.20       5
      900805    629.82    121.45   2238.53    416.89       3
      900806    498.98    255.33   1780.92    905.54       5
      900807    616.67    132.59   2190.88    458.19       6
      900808    594.77     92.29   2116.78    323.26       7
      900809    501.04     89.17   1791.14    312.86       7
      900810    775.48    774.69   2665.79   2475.75       7
      900811    406.85     43.30   1469.19    151.14       7
      900812    456.07     95.80   1646.97    337.48       6
      900813    459.44    146.75   1670.30    516.97       5
      900814    658.48    207.69   2376.98    725.37       7
      900815    791.51    225.86   2848.23    790.23       7
      900816    853.75    139.27   3040.33    482.07       7
      900817    925.14    201.07   3298.16    701.87       7
      900818    950.38    290.79   3378.17   1011.67       7
      900819   1704.02   1295.74   5852.43   4168.57       6
      900820   1364.17    230.02   4767.84    777.60       6
      900821   1858.30    454.25   6405.35   1514.24       6
      900822   2091.17    267.25   7157.09    885.96       7
      900823   1996.98    256.39   6859.08    853.57       5
      900824   1897.71    287.58   6522.49    956.19       7
      900825   1810.14    327.26   6214.01   1080.71       6
      900826   1619.52    292.06   5580.69    986.29       6
      900827   1250.48    270.11   4322.76    908.92       7
      900828    952.62    202.68   3315.17    677.90       7
      900829    820.84     80.73   2874.04    275.44       6
      900830    764.99    185.48   2670.00    619.94       7
      900831    655.65     55.65   2297.47    185.50       6
      900901    516.30    101.27   1833.06    355.14       6
      900902    412.52     81.44   1480.99    287.08       7
      900903    338.32     80.08   1232.37    281.96       7
      900904    298.41     53.40   1097.19    191.50       6
      900905    252.51     49.00    932.15    175.88       7
      900906    283.78     59.05   1041.76    210.34       6
      900907    283.97     51.28   1044.23    180.22       6
      900908    280.37     43.69   1024.85    154.17       7
      900909    270.59     68.53    992.33    245.29       7
      900910    251.94     74.58    928.34    268.73       7
      900911    276.32     53.29   1015.93    191.18       7
      900912    382.29     59.21   1391.57    208.88       6
      900913    466.23     90.27   1686.90    316.99       6
      900914    537.85     79.76   1940.03    283.79       7
      900915    631.15    128.72   2262.42    450.07       7
      900916    715.97    186.12   2559.35    645.46       5
      900917    747.79    136.72   2665.32    474.31       6
      900918    528.46    253.03   1887.01    893.85       7
      900919    638.82     55.93   2279.33    193.95       7
      900920    558.46    123.66   2004.58    431.72       7
      900921    511.35    143.36   1837.03    501.07       5
      900922    410.63     63.97   1482.72    222.20       6
      900923    407.18    106.02   1459.23    365.44       6
      900924    534.48    278.02   1879.33    931.24       7
      900925    473.44    113.67   1676.38    386.64       7
      900926    545.44     90.85   1921.30    311.42       5
      900927   1068.70   1268.77   3565.31   4019.22       5
      900928    461.93     97.04   1642.06    337.55       6
      900929    451.41    123.69   1595.33    421.06       5
      900930    422.57     86.78   1500.36    304.34       5
      901001    523.11    306.16   1846.07   1068.65       6
      901002    598.42     98.31   2087.71    330.18       5
      901003    563.10     91.37   1970.29    317.28       7
      901004    430.98    137.90   1527.64    477.36       7
      901005    470.42    109.75   1673.61    384.25       7
      901006    407.21     54.73   1460.45    194.03       6
      901007    321.42    163.23   1154.56    582.16       6
      901008    480.00    117.65   1715.76    412.26       6
      901009    559.19    169.52   1992.67    574.65       6
      901010    703.26    180.65   2509.94    625.08       6
      901011    896.35    160.54   3202.00    558.64       6
      901012   1003.74     97.40   3577.95    340.18       6
      901013    990.00    109.43   3532.52    384.81       6
      901014   1027.72    210.62   3642.92    718.17       5
      901015   1092.16     82.55   3855.76    284.13       6
      901016    895.63    179.28   3169.13    619.09       6
      901017    725.73    394.85   2565.41   1383.66       6
      901018    780.26    237.98   2724.82    764.84       7
      901019    590.23    169.49   2092.55    581.44       5
      901020    445.51     10.00   1588.44     34.60       3
      901021    343.11     72.43   1240.63    259.31       4
      901022    254.67    111.11    928.64    393.44       5
      901023    312.74     87.45   1131.79    302.55       6
      901024    350.34     84.36   1256.42    288.15       5
      901025    376.74     38.13   1338.74    128.73       4
      901026    300.81    152.95   1069.40    536.84       7
      901027    315.52     49.94   1121.82    172.36       5
      901028    341.13     69.55   1205.91    238.72       6
      901029    373.68     60.47   1321.65    204.44       7
      901030    366.89     74.14   1296.45    256.18       7
      901031    394.92     27.18   1394.24     90.81       6
      901101    395.93    111.03   1396.41    386.28       5
      901102    374.47     45.29   1328.36    155.75       5
      901103    419.20     64.34   1495.16    223.78       6
      901104    405.90    114.78   1461.23    398.99       6
      901105    428.93    104.06   1553.03    368.27       6
      901106    790.80    678.43   2732.27   2177.58       5
      901107    838.76    200.43   2986.49    691.57       5
      901108    854.59    100.92   3031.52    348.63       7
      901109    756.69    119.04   2683.03    412.14       7
      901110   1024.88    824.23   3530.86   2669.85       7
      901111    633.32    141.31   2244.76    494.24       6
      901112    645.79    117.23   2276.65    406.16       6
      901113    484.48     74.35   1716.39    259.78       4
      901114    553.26    151.27   1916.21    498.89       6
      901115    847.13    102.43   2840.77    346.28       5
      901116   1046.72    476.67   3455.03   1553.82       6
      901117   1745.56    197.56   5711.48    636.72       5
      901118   1969.81    460.55   6415.85   1447.29       6
      901119   1900.20    394.29   6227.01   1245.58       7
      901120   1854.45    337.55   6087.42   1071.26       5
      901121   1585.16    163.24   5225.05    524.42       7
      901122   1294.55     82.03   4286.19    263.62       6
      901123   1058.33    263.68   3527.99    873.58       5
      901124    786.28    176.90   2660.60    589.34       6
      901125    467.46     92.82   1619.49    301.42       7
      901126    409.65    332.67   1443.94   1112.92       5
      901127    371.22    106.39   1345.26    375.11       5
      901128    236.86     61.35    881.79    223.30       5
      901129    217.43    108.17    813.16    393.09       5
      901130    307.59     65.78   1141.20    238.96       5
      901201    277.08     48.45   1030.28    170.20       5
      901202    282.12     51.83   1047.42    185.70       5
      901203    473.78     77.59   1731.39    283.17       6
      901204    532.48    151.84   1929.38    534.29       6
      901205    472.32    119.55   1694.35    428.90       6
      901206    505.41    109.97   1821.00    381.27       6
      901207    598.32    152.49   2138.85    526.64       7
      901208    670.79    223.58   2399.65    778.38       7
      901209    653.84     94.58   2337.30    328.92       6
      901210    492.73    124.80   1769.00    435.74       6
      901211    472.25     83.10   1686.79    288.73       6
      901212    672.06    238.97   2331.88    795.91       7
      901213    808.43    172.20   2785.72    591.63       4
      901214    953.23    234.07   3240.78    768.40       6
      901215   1107.82    269.89   3751.08    881.38       4
      901216   1233.31    159.92   4177.36    525.14       6
      901217   1212.18    415.09   4129.75   1382.05       5
      901218   1145.11    276.91   3907.04    928.83       7
      901219   1054.61    291.86   3592.94    968.71       6
      901220    757.92     41.88   2571.85    142.26       5
      901221    609.22    162.10   2066.86    525.38       5
      901222    454.60     69.57   1549.33    234.57       5
      901223    429.63     97.31   1484.16    336.47       4
      901224    344.25    112.67   1234.27    401.88       5
      901225    400.46     87.35   1446.46    304.68       5
      901226    425.31    129.83   1537.00    458.79       4
      901227    395.75     71.24   1428.46    248.43       5
      901228    363.45    152.44   1302.99    539.84       5
      901229    450.43     96.57   1599.14    331.62       5
      901230    285.22     89.03   1021.05    309.28       6
      901231    152.57     35.39    552.44    125.66       7
