Tue Dec  2 10:03:55 2014   calc_USAF_spotindex_Nov12.pro
SSB:2007 AREA-DEP & AREA-INDEP CONTRASTS & SDEVS: BOL EXCESS=0.324
       70101     62.35     17.16    225.80     61.25       3
       70102    155.45     33.22    554.25    117.25       3
       70103    237.68      1.75    841.99      4.23       3
       70104    271.09     65.37    968.64    230.10       3
       70105    334.08     39.50   1189.98    136.32       2
       70106    292.50     62.05   1048.11    215.49       3
       70107    274.15     37.27    985.53    131.82       3
       70108    303.42     16.28   1083.95     56.90       2
       70109    294.85   -999.00   1049.59   -999.00       1
       70110    197.84     60.57    707.81    213.84       3
       70111     90.02     36.42    328.57    130.38       3
       70112     52.56      6.13    191.16     22.25       3
       70113     43.12      8.17    156.41     29.69       3
       70114     36.56     38.79    131.98    136.72       3
       70115     28.63     19.34    106.43     69.52       3
       70116     34.64     25.21    128.90     90.68       3
       70117      7.84      3.89     31.21     14.90       3
       70118     19.11   -999.00     73.73   -999.00       1
       70119     18.75   -999.00     72.36   -999.00       1
       70120     50.96     34.86    188.86    123.52       3
       70121     63.32     36.58    231.45    128.27       3
       70122     63.27     23.38    230.41     82.76       2
       70123     62.56      7.50    225.48     27.73       2
       70124     30.71     18.22    111.26     64.75       3
       70125      8.20      8.30     30.38     30.21       2
       70126      1.21   -999.00      4.41   -999.00       1
       70127     23.98      9.59     86.41     34.31       3
       70128     47.44     10.77    170.68     38.69       3
       70129    116.33     61.76    413.81    213.98       3
       70130    180.66      4.64    642.55     15.04       2
       70131    243.98     69.21    865.42    239.07       3
       70201    254.76     34.16    908.47    116.09       3
       70202    243.36     51.02    871.55    175.19       3
       70203    218.58     25.77    786.55     89.94       3
       70204    172.84     20.60    625.35     71.83       3
       70205    138.08     43.27    500.63    152.09       3
       70206    126.84     22.26    456.90     77.67       3
       70207     59.67     17.30    217.80     62.36       2
       70208     34.31      9.45    125.41     34.36       3
       70209     18.26      9.65     66.82     35.01       2
       70210     16.98   -999.00     64.39   -999.00       1
       70211   -999.00   -999.00   -999.00   -999.00       0
       70212   -999.00   -999.00   -999.00   -999.00       0
       70213   -999.00   -999.00   -999.00   -999.00       0
       70214   -999.00   -999.00   -999.00   -999.00       0
       70215   -999.00   -999.00   -999.00   -999.00       0
       70216      7.69   -999.00     28.85   -999.00       1
       70217      5.43      2.72     21.07     10.33       2
       70218     14.52      7.99     55.23     29.70       2
       70219     55.53     31.60    209.16    115.95       2
       70220     44.25      5.45    167.07     23.19       2
       70221     25.60     23.22     96.71     84.63       3
       70222     15.20      3.63     58.41     12.47       2
       70223     17.46      6.06     65.06     23.48       2
       70224     25.34      6.66     93.39     24.17       3
       70225     44.51      3.07    163.17     11.16       3
       70226     64.90      3.06    238.66     11.35       2
       70227     77.99     18.51    286.57     66.09       2
       70228     66.48     21.98    245.62     79.79       3
       70301     57.43     17.80    212.15     63.48       3
       70302     71.24     35.17    263.47    129.65       3
       70303     45.32     10.08    167.05     35.58       3
       70304     32.03     20.27    119.96     75.21       3
       70305     25.47      3.83     96.98     13.33       3
       70306     13.51     13.21     52.12     49.91       2
       70307      3.70   -999.00     14.95   -999.00       1
       70308   -999.00   -999.00   -999.00   -999.00       0
       70309   -999.00   -999.00   -999.00   -999.00       0
       70310     11.39   -999.00     43.96   -999.00       1
       70311     14.88     12.11     55.49     43.97       2
       70312      3.54      0.23     13.75      1.01       3
       70313      2.49   -999.00      9.61   -999.00       1
       70314   -999.00   -999.00   -999.00   -999.00       0
       70315   -999.00   -999.00   -999.00   -999.00       0
       70316   -999.00   -999.00   -999.00   -999.00       0
       70317   -999.00   -999.00   -999.00   -999.00       0
       70318   -999.00   -999.00   -999.00   -999.00       0
       70319   -999.00   -999.00   -999.00   -999.00       0
       70320   -999.00   -999.00   -999.00   -999.00       0
       70321   -999.00   -999.00   -999.00   -999.00       0
       70322   -999.00   -999.00   -999.00   -999.00       0
       70323      6.10      3.80     23.81     14.42       3
       70324      3.94      2.15     15.33      8.18       3
       70325      0.88   -999.00      3.55   -999.00       1
       70326     12.17      2.96     47.17     11.08       3
       70327      4.70      1.83     18.63      6.90       2
       70328      8.97      9.37     34.13     34.88       2
       70329     10.53      2.27     40.16      8.10       2
       70330      3.90      0.76     15.74      3.05       2
       70331     10.18      7.94     39.68     30.05       2
       70401     21.82     18.11     82.87     66.28       3
       70402     12.04   -999.00     47.25   -999.00       1
       70403     10.62      7.81     42.91     31.55       2
       70404   -999.00   -999.00   -999.00   -999.00       0
       70405   -999.00   -999.00   -999.00   -999.00       0
       70406   -999.00   -999.00   -999.00   -999.00       0
       70407   -999.00   -999.00   -999.00   -999.00       0
       70408   -999.00   -999.00   -999.00   -999.00       0
       70409   -999.00   -999.00   -999.00   -999.00       0
       70410   -999.00   -999.00   -999.00   -999.00       0
       70411   -999.00   -999.00   -999.00   -999.00       0
       70412      3.83   -999.00     15.05   -999.00       1
       70413   -999.00   -999.00   -999.00   -999.00       0
       70414      4.25      0.29     17.19      1.18       2
       70415   -999.00   -999.00   -999.00   -999.00       0
       70416   -999.00   -999.00   -999.00   -999.00       0
       70417      3.54      0.64     13.83      2.59       3
       70418      6.03   -999.00     24.35   -999.00       1
       70419   -999.00   -999.00   -999.00   -999.00       0
       70420      6.04      0.04     24.39      0.17       2
       70421   -999.00   -999.00   -999.00   -999.00       0
       70422   -999.00   -999.00   -999.00   -999.00       0
       70423   -999.00   -999.00   -999.00   -999.00       0
       70424   -999.00   -999.00   -999.00   -999.00       0
       70425     15.56     13.72     55.38     47.68       2
       70426     71.40     39.27    248.20    134.36       2
       70427    142.86     38.98    494.18    132.72       3
       70428    238.65     83.11    822.68    275.75       3
       70429    219.24   -999.00    764.98   -999.00       1
       70430    292.71     42.75   1021.76    149.72       2
       70501    328.16      3.96   1148.39      9.01       2
       70502    308.54     12.51   1082.56     42.72       3
       70503    244.67     27.18    858.88     95.83       3
       70504    157.45      3.93    553.79     14.73       3
       70505     92.64     33.76    328.63    116.60       3
       70506     27.17      3.10     99.39     11.57       2
       70507     21.82     11.71     78.02     41.35       3
       70508     12.42     10.43     47.18     39.51       3
       70509    134.67    154.67    471.72    531.90       2
       70510     50.47      5.65    187.23     20.04       3
       70511    102.43     19.02    370.71     66.24       3
       70512     60.63     29.28    223.00    103.78       3
       70513     29.26      6.11    110.26     22.14       3
       70514     33.99     14.82    126.98     52.87       3
       70515     66.26     34.97    239.45    120.38       3
       70516     97.94      7.14    350.11     22.39       3
       70517    175.19      0.89    619.67      0.60       2
       70518    164.42     39.78    584.76    136.12       3
       70519    110.91     30.23    401.44    106.18       3
       70520    122.23     22.67    438.99     78.30       3
       70521     54.37     14.68    200.24     52.38       2
       70522     19.53      4.44     74.09     16.37       2
       70523      6.92      0.15     27.23      0.65       2
       70524      4.08   -999.00     16.00   -999.00       1
       70525   -999.00   -999.00   -999.00   -999.00       0
       70526   -999.00   -999.00   -999.00   -999.00       0
       70527   -999.00   -999.00   -999.00   -999.00       0
       70528      2.69   -999.00     10.38   -999.00       1
       70529      3.21      0.22     12.46      0.76       3
       70530      7.87      2.15     30.20      7.86       3
       70531      3.48      0.03     14.07      0.11       2
       70601     22.57     13.95     84.05     47.67       3
       70602     75.63     22.17    268.79     73.83       3
       70603    146.88     25.43    513.37     86.03       3
       70604    166.76     62.30    581.30    208.39       3
       70605    217.54    102.26    765.79    344.24       3
       70606    193.82     67.12    686.83    228.10       3
       70607    213.45     60.09    764.97    208.10       3
       70608    177.22     11.29    634.99     39.48       2
       70609     87.11     36.17    315.02    126.79       3
       70610     61.53     10.06    223.93     35.97       3
       70611     26.52      4.59     98.40     16.29       3
       70612     14.77      6.08     54.83     21.95       3
       70613      6.63      5.01     24.54     18.28       3
       70614   -999.00   -999.00   -999.00   -999.00       0
       70615   -999.00   -999.00   -999.00   -999.00       0
       70616   -999.00   -999.00   -999.00   -999.00       0
       70617   -999.00   -999.00   -999.00   -999.00       0
       70618   -999.00   -999.00   -999.00   -999.00       0
       70619   -999.00   -999.00   -999.00   -999.00       0
       70620   -999.00   -999.00   -999.00   -999.00       0
       70621   -999.00   -999.00   -999.00   -999.00       0
       70622   -999.00   -999.00   -999.00   -999.00       0
       70623   -999.00   -999.00   -999.00   -999.00       0
       70624      3.82   -999.00     14.33   -999.00       1
       70625      4.69      3.31     17.16     12.04       2
       70626     13.58     13.12     49.93     47.42       2
       70627     47.66     15.41    171.39     54.16       2
       70628     73.26     19.57    264.47     70.46       2
       70629     91.08     35.63    329.52    125.51       2
       70630    145.66   -999.00    524.09   -999.00       1
       70701     92.53     15.76    337.88     55.49       2
       70702     66.49     15.29    243.95     54.22       2
       70703     54.47     24.91    200.34     88.94       2
       70704     49.01      7.83    179.87     28.27       2
       70705     44.94     20.76    167.49     79.51       2
       70706      9.42      0.31     35.65      0.77       2
       70707      5.16      3.32     19.38     12.42       2
       70708     18.47     11.12     66.51     39.31       2
       70709     61.29      8.57    217.02     28.51       3
       70710    200.80     19.80    693.52     65.39       3
       70711    187.08     56.32    654.02    191.58       3
       70712    252.81     65.67    880.69    221.61       3
       70713    239.62     63.46    849.99    217.95       2
       70714    169.94     33.31    612.48    117.49       3
       70715    186.91     50.63    665.97    175.41       3
       70716    130.36     45.54    464.30    157.16       3
       70717     98.81     46.88    350.57    161.29       3
       70718     55.48     18.63    198.07     64.88       3
       70719      8.79      5.99     32.16     21.80       3
       70720   -999.00   -999.00   -999.00   -999.00       0
       70721   -999.00   -999.00   -999.00   -999.00       0
       70722   -999.00   -999.00   -999.00   -999.00       0
       70723   -999.00   -999.00   -999.00   -999.00       0
       70724   -999.00   -999.00   -999.00   -999.00       0
       70725   -999.00   -999.00   -999.00   -999.00       0
       70726   -999.00   -999.00   -999.00   -999.00       0
       70727   -999.00   -999.00   -999.00   -999.00       0
       70728     17.93     13.40     68.75     49.77       3
       70729     22.85     12.68     86.82     46.62       3
       70730     17.20      8.30     68.17     31.65       2
       70731     10.67   -999.00     43.12   -999.00       1
       70801   -999.00   -999.00   -999.00   -999.00       0
       70802   -999.00   -999.00   -999.00   -999.00       0
       70803      0.66   -999.00      2.68   -999.00       1
       70804      4.32      1.49     16.58      5.31       2
       70805      5.47      0.88     21.47      3.47       3
       70806     11.81      5.11     45.47     19.10       3
       70807      8.27      3.05     32.62     11.63       3
       70808     29.51     12.08    112.02     44.63       3
       70809     23.11     13.66     88.07     50.11       3
       70810     16.00      3.82     61.98     14.30       3
       70811     10.45      5.95     40.81     22.52       3
       70812      7.74      4.39     30.77     16.89       3
       70813     12.40      6.35     48.49     23.98       3
       70814     23.97   -999.00     91.41   -999.00       1
       70815      4.55   -999.00     17.54   -999.00       1
       70816   -999.00   -999.00   -999.00   -999.00       0
       70817   -999.00   -999.00   -999.00   -999.00       0
       70818   -999.00   -999.00   -999.00   -999.00       0
       70819   -999.00   -999.00   -999.00   -999.00       0
       70820   -999.00   -999.00   -999.00   -999.00       0
       70821      6.13      5.00     22.52     18.06       2
       70822     15.91      1.97     58.41      6.65       3
       70823     26.24      6.95     96.71     24.99       3
       70824     36.20     18.25    133.51     65.39       3
       70825     55.93      6.82    205.15     23.91       3
       70826     50.60      1.96    187.43      6.79       3
       70827     65.07      0.37    239.32      1.36       2
       70828     66.81     12.35    245.17     43.39       2
       70829     55.63      2.51    204.87      8.95       3
       70830     40.27     14.02    148.49     49.70       3
       70831     42.19     12.50    155.38     45.62       3
       70901     18.17     14.78     68.54     55.82       3
       70902     15.69      3.89     60.78     14.58       3
       70903     17.43      4.01     66.94     14.92       3
       70904      8.40      4.76     32.83     18.05       3
       70905      8.70      4.00     33.35     14.69       3
       70906      1.81   -999.00      7.30   -999.00       1
       70907   -999.00   -999.00   -999.00   -999.00       0
       70908   -999.00   -999.00   -999.00   -999.00       0
       70909   -999.00   -999.00   -999.00   -999.00       0
       70910   -999.00   -999.00   -999.00   -999.00       0
       70911   -999.00   -999.00   -999.00   -999.00       0
       70912   -999.00   -999.00   -999.00   -999.00       0
       70913   -999.00   -999.00   -999.00   -999.00       0
       70914   -999.00   -999.00   -999.00   -999.00       0
       70915   -999.00   -999.00   -999.00   -999.00       0
       70916   -999.00   -999.00   -999.00   -999.00       0
       70917   -999.00   -999.00   -999.00   -999.00       0
       70918   -999.00   -999.00   -999.00   -999.00       0
       70919   -999.00   -999.00   -999.00   -999.00       0
       70920   -999.00   -999.00   -999.00   -999.00       0
       70921   -999.00   -999.00   -999.00   -999.00       0
       70922   -999.00   -999.00   -999.00   -999.00       0
       70923   -999.00   -999.00   -999.00   -999.00       0
       70924   -999.00   -999.00   -999.00   -999.00       0
       70925   -999.00   -999.00   -999.00   -999.00       0
       70926   -999.00   -999.00   -999.00   -999.00       0
       70927      5.21      0.01     21.06      0.05       2
       70928     25.11     13.53     95.42     49.76       3
       70929     28.38     15.83    107.50     57.59       3
       70930     29.63      6.83    112.25     24.71       3
       71001     10.16   -999.00     39.87   -999.00       1
       71002   -999.00   -999.00   -999.00   -999.00       0
       71003   -999.00   -999.00   -999.00   -999.00       0
       71004   -999.00   -999.00   -999.00   -999.00       0
       71005   -999.00   -999.00   -999.00   -999.00       0
       71006     38.38      9.04    143.94     32.57       2
       71007     11.78      0.49     46.21      1.93       2
       71008      5.31   -999.00     21.44   -999.00       1
       71009   -999.00   -999.00   -999.00   -999.00       0
       71010   -999.00   -999.00   -999.00   -999.00       0
       71011   -999.00   -999.00   -999.00   -999.00       0
       71012   -999.00   -999.00   -999.00   -999.00       0
       71013   -999.00   -999.00   -999.00   -999.00       0
       71014   -999.00   -999.00   -999.00   -999.00       0
       71015   -999.00   -999.00   -999.00   -999.00       0
       71016   -999.00   -999.00   -999.00   -999.00       0
       71017   -999.00   -999.00   -999.00   -999.00       0
       71018   -999.00   -999.00   -999.00   -999.00       0
       71019   -999.00   -999.00   -999.00   -999.00       0
       71020   -999.00   -999.00   -999.00   -999.00       0
       71021   -999.00   -999.00   -999.00   -999.00       0
       71022   -999.00   -999.00   -999.00   -999.00       0
       71023   -999.00   -999.00   -999.00   -999.00       0
       71024   -999.00   -999.00   -999.00   -999.00       0
       71025   -999.00   -999.00   -999.00   -999.00       0
       71026   -999.00   -999.00   -999.00   -999.00       0
       71027   -999.00   -999.00   -999.00   -999.00       0
       71028   -999.00   -999.00   -999.00   -999.00       0
       71029   -999.00   -999.00   -999.00   -999.00       0
       71030   -999.00   -999.00   -999.00   -999.00       0
       71031   -999.00   -999.00   -999.00   -999.00       0
       71101   -999.00   -999.00   -999.00   -999.00       0
       71102   -999.00   -999.00   -999.00   -999.00       0
       71103   -999.00   -999.00   -999.00   -999.00       0
       71104   -999.00   -999.00   -999.00   -999.00       0
       71105   -999.00   -999.00   -999.00   -999.00       0
       71106      4.29      1.58     17.10      5.98       3
       71107   -999.00   -999.00   -999.00   -999.00       0
       71108   -999.00   -999.00   -999.00   -999.00       0
       71109   -999.00   -999.00   -999.00   -999.00       0
       71110   -999.00   -999.00   -999.00   -999.00       0
       71111   -999.00   -999.00   -999.00   -999.00       0
       71112   -999.00   -999.00   -999.00   -999.00       0
       71113      1.04      0.53      4.18      2.15       2
       71114   -999.00   -999.00   -999.00   -999.00       0
       71115   -999.00   -999.00   -999.00   -999.00       0
       71116     12.43   -999.00     48.78   -999.00       1
       71117     25.04   -999.00     95.50   -999.00       1
       71118   -999.00   -999.00   -999.00   -999.00       0
       71119   -999.00   -999.00   -999.00   -999.00       0
       71120   -999.00   -999.00   -999.00   -999.00       0
       71121   -999.00   -999.00   -999.00   -999.00       0
       71122   -999.00   -999.00   -999.00   -999.00       0
       71123   -999.00   -999.00   -999.00   -999.00       0
       71124     12.14   -999.00     47.65   -999.00       1
       71125      5.29   -999.00     21.38   -999.00       1
       71126      4.38      0.18     17.71      0.74       2
       71127   -999.00   -999.00   -999.00   -999.00       0
       71128   -999.00   -999.00   -999.00   -999.00       0
       71129   -999.00   -999.00   -999.00   -999.00       0
       71130   -999.00   -999.00   -999.00   -999.00       0
       71201     11.11      3.61     43.16     13.52       2
       71202      8.78      4.78     34.39     18.68       2
       71203     11.51   -999.00     44.41   -999.00       1
       71204     14.11      4.57     54.38     16.87       3
       71205      9.30      3.08     36.70     11.70       3
       71206     15.01      1.45     58.01      5.69       3
       71207     18.87      8.89     70.34     31.62       3
       71208     65.14     23.48    236.41     84.21       3
       71209    123.61     26.02    442.24     90.03       3
       71210    150.50     25.32    534.96     86.73       2
       71211    163.74     19.95    582.25     68.50       3
       71212    135.01     27.98    483.54     96.57       3
       71213    212.72     66.42    747.27    224.37       3
       71214    195.15     63.80    683.37    214.14       3
       71215    142.49     23.64    499.92     81.61       3
       71216     63.25     10.93    224.96     38.89       2
       71217     11.19      9.37     41.04     33.96       2
       71218      8.00   -999.00     29.20   -999.00       1
       71219   -999.00   -999.00   -999.00   -999.00       0
       71220   -999.00   -999.00   -999.00   -999.00       0
       71221   -999.00   -999.00   -999.00   -999.00       0
       71222   -999.00   -999.00   -999.00   -999.00       0
       71223   -999.00   -999.00   -999.00   -999.00       0
       71224   -999.00   -999.00   -999.00   -999.00       0
       71225      5.95   -999.00     24.04   -999.00       1
       71226      4.13   -999.00     16.71   -999.00       1
       71227   -999.00   -999.00   -999.00   -999.00       0
       71228   -999.00   -999.00   -999.00   -999.00       0
       71229   -999.00   -999.00   -999.00   -999.00       0
       71230   -999.00   -999.00   -999.00   -999.00       0
       71231   -999.00   -999.00   -999.00   -999.00       0
