Wed Dec 10 12:58:56 2014   calc_USAF_spotindex_Nov12.pro
SSB:2013 AREA-DEP & AREA-INDEP CONTRASTS & SDEVS: BOL EXCESS=0.324
      130101    184.01     37.20    677.33    131.25       3
      130102    229.47     42.60    836.30    150.43       3
      130103    347.28     93.98   1256.42    324.82       2
      130104    364.17     57.96   1322.43    198.10       2
      130105    291.48     29.60   1078.19    104.49       3
      130106    360.28     98.89   1316.39    346.51       3
      130107    303.51     93.48   1112.74    330.87       3
      130108    271.69     51.33   1001.03    185.98       3
      130109    355.15     91.35   1285.06    312.78       2
      130110    505.25     61.83   1798.10    203.98       2
      130111    821.48   -999.00   2847.10   -999.00       1
      130112    668.36    249.23   2313.31    840.03       2
      130113    677.00    204.51   2343.78    680.55       2
      130114    719.86     43.19   2473.69    136.44       2
      130115    793.22    163.21   2708.40    526.39       2
      130116    414.79    119.47   1443.80    407.27       2
      130117    312.82    122.40   1091.82    417.16       2
      130118    225.74      3.42    797.23     14.74       3
      130119    137.59     23.71    497.93     84.15       3
      130120     91.89     12.36    340.95     43.86       3
      130121     96.99     35.81    357.55    128.38       3
      130122    111.14     16.41    404.73     57.49       3
      130123    108.11     15.22    392.06     53.77       3
      130124     80.53     20.54    294.50     72.95       2
      130125     84.31   -999.00    306.57   -999.00       1
      130126     55.35   -999.00    209.38   -999.00       1
      130127     87.31     49.79    327.50    178.06       2
      130128     87.89     23.96    331.57     90.13       3
      130129    111.27     44.02    410.68    156.36       2
      130130    113.09     15.88    419.85     55.05       3
      130131    102.90     15.25    381.74     56.05       3
      130201    131.28     64.22    479.65    226.17       3
      130202    142.22     35.94    518.78    127.24       3
      130203    185.84     26.27    674.18     91.13       2
      130204    118.90     72.97    433.23    256.36       3
      130205    134.81     32.80    492.65    115.87       3
      130206    116.46     20.24    427.98     72.42       2
      130207    124.62     12.93    459.93     44.23       3
      130208    105.68     17.99    392.03     64.75       3
      130209    111.60     26.27    412.00     98.14       2
      130210    115.33      6.87    419.23     25.33       3
      130211    123.23     46.25    447.52    161.66       3
      130212    107.39     28.84    392.43    104.49       2
      130213     73.75     27.00    274.52    101.79       3
      130214     66.49      9.82    245.20     35.16       2
      130215     63.18     21.43    235.91     78.27       3
      130216    204.34    172.97    723.59    593.13       2
      130217    106.82      4.94    397.72     15.87       2
      130218    198.51     78.70    731.75    285.66       2
      130219    205.99     45.38    761.34    161.77       3
      130220    271.40     54.94    980.98    192.43       3
      130221    198.51     93.31    715.29    331.97       2
      130222    123.99     61.84    453.30    220.19       3
      130223     43.55     18.55    166.38     69.47       3
      130224     17.40   -999.00     67.64   -999.00       1
      130225     31.47     18.95    120.93     70.33       3
      130226    112.84     32.93    416.52    117.53       3
      130227    104.56     27.23    387.47     97.76       3
      130228    139.54     30.17    508.03    102.78       3
      130301    167.79     34.69    602.65    119.35       3
      130302    194.05      2.82    699.72      4.09       2
      130303    147.22     25.95    540.41     92.05       3
      130304     80.45     25.76    302.60     93.64       2
      130305    103.00     31.65    385.67    118.89       2
      130306    112.99     86.52    420.19    312.00       2
      130307    117.18     95.94    434.55    351.85       2
      130308     75.55      4.43    282.86     16.33       3
      130309     96.16     16.97    358.90     61.40       3
      130310    166.27     36.37    612.49    125.78       2
      130311    173.65     25.06    639.44     90.95       3
      130312    245.03     48.09    899.42    171.23       3
      130313    305.90     24.56   1115.49     87.57       3
      130314    397.09     29.85   1443.32    102.93       3
      130315    293.76     80.17   1080.05    282.39       2
      130316    466.89     61.10   1672.47    211.31       3
      130317    397.47     41.04   1430.40    143.86       3
      130318    214.39     30.19    783.66    111.46       2
      130319    175.90     22.61    635.06     83.95       3
      130320    162.25      7.89    578.20     33.40       3
      130321     80.16     35.99    292.22    125.86       2
      130322     42.54     14.96    160.41     54.82       3
      130323     39.28      6.91    147.26     24.55       3
      130324     29.71      7.33    111.24     26.27       3
      130325     37.63      5.10    142.40     18.24       3
      130326     64.44      1.50    239.72      3.71       2
      130327     61.74      7.07    233.69     25.04       3
      130328     70.58     12.44    265.83     49.14       2
      130329    117.70     28.22    439.71    102.04       3
      130330    123.03     31.43    458.62    111.96       3
      130331    149.78     19.31    551.81     69.72       3
      130401    207.06     31.48    747.76    108.93       3
      130402    269.87     20.90    963.63     68.67       3
      130403    442.28     62.68   1563.38    219.19       3
      130404    415.12     52.40   1470.73    178.94       3
      130405    443.64     50.45   1569.81    172.71       3
      130406    474.65      9.33   1686.08     32.15       3
      130407    471.91     17.56   1692.83     68.83       2
      130408    384.01    171.21   1378.33    602.06       3
      130409    428.36     79.50   1538.98    277.04       2
      130410    398.13    102.72   1430.81    362.15       3
      130411    423.87     30.08   1517.96    105.92       3
      130412    591.59    150.20   2086.68    511.61       3
      130413    360.16    143.58   1289.51    495.43       3
      130414    263.99     83.61    958.19    294.09       3
      130415    244.31     87.32    889.03    301.77       3
      130416    199.92     40.59    729.07    143.12       3
      130417    234.67    107.90    850.61    379.35       3
      130418    182.79     55.91    662.74    193.78       3
      130419     94.19     24.63    355.42     93.65       3
      130420    169.79     20.37    626.84     66.98       3
      130421    224.15     43.57    802.67    141.96       3
      130422    345.84     54.38   1206.69    173.48       2
      130423    277.98     54.89    966.96    194.36       3
      130424    304.49     88.93   1053.96    293.60       3
      130425    212.05     31.02    757.45    107.60       3
      130426    226.55     28.06    813.50     98.13       3
      130427    296.74     98.03   1062.01    340.70       3
      130428    296.39     65.09   1059.79    221.23       3
      130429    391.50     90.30   1395.41    313.83       3
      130430    591.52    128.07   2079.17    436.63       3
      130501    615.46    283.95   2153.78    967.98       3
      130502    459.10     33.28   1615.65    114.28       2
      130503    491.19     20.91   1727.68     73.93       3
      130504    538.42     61.15   1887.71    205.37       2
      130505    371.48     74.58   1318.84    254.79       3
      130506    380.20     74.90   1349.71    259.62       3
      130507    418.17      8.81   1486.22     17.08       2
      130508    362.04   -999.00   1283.63   -999.00       1
      130509    234.89     60.50    846.27    215.88       3
      130510    145.20     33.23    532.14    116.93       3
      130511    150.81     37.16    556.99    135.28       3
      130512    332.69     79.74   1197.97    270.36       3
      130513    459.17    125.62   1639.88    431.05       2
      130514    496.66    122.98   1776.64    435.93       2
      130515    565.81     78.38   2025.29    270.71       2
      130516    614.02    197.76   2220.17    699.86       2
      130517    533.06     21.60   1928.83     76.77       3
      130518    369.61     18.51   1352.87     54.38       2
      130519    245.75     83.54    898.61    294.00       3
      130520    188.02     58.38    686.75    205.89       3
      130521    199.33      1.44    733.95      6.61       2
      130522    211.90      9.23    771.10     30.49       2
      130523    274.73     79.73    983.68    278.58       3
      130524    342.69     50.47   1223.74    166.80       3
      130525    433.50     32.74   1552.46    144.88       2
      130526    267.80     56.36    962.81    196.04       3
      130527    224.60     61.19    813.68    213.98       3
      130528    154.11     16.58    568.92     59.83       3
      130529     97.34     16.16    363.92     59.24       3
      130530     37.38     15.29    144.34     59.64       2
      130531     36.99      8.67    143.96     32.97       2
      130601     45.34     12.68    175.91     46.36       3
      130602    151.54     18.57    552.97     59.43       2
      130603    236.53     78.35    851.71    276.29       3
      130604    163.83     40.73    588.93    140.44       3
      130605    167.90     38.92    601.75    135.47       3
      130606    125.04     36.93    454.32    131.14       3
      130607    118.30     58.31    428.54    206.18       3
      130608    129.05     27.55    462.19     95.14       3
      130609    110.89     35.39    399.54    123.00       3
      130610     54.90     34.16    200.52    122.35       3
      130611     18.72      6.83     71.07     26.26       2
      130612     32.90     17.45    124.47     63.03       3
      130613     53.63     23.99    198.15     85.11       3
      130614    163.26     25.77    579.62     88.17       2
      130615    141.13     20.66    512.32     71.93       3
      130616    127.76     19.35    470.71     66.73       3
      130617    265.61      3.86    962.65     19.32       2
      130618    342.40     60.55   1236.18    211.09       3
      130619    369.53     18.82   1339.36     63.18       3
      130620    353.53     21.95   1287.14     78.68       3
      130621    421.08    174.92   1522.20    618.61       3
      130622    480.25     69.20   1720.04    238.57       3
      130623    269.99     50.42    979.50    172.65       2
      130624    252.30     37.27    915.03    130.60       2
      130625    157.13     37.54    574.51    133.65       3
      130626    126.37     49.80    466.67    181.53       3
      130627    123.61     13.07    455.47     46.59       3
      130628    105.47     20.33    393.46     71.48       3
      130629    102.96     32.30    383.83    116.93       3
      130630     98.21     32.31    366.60    118.30       3
      130701     82.61     24.09    306.83     85.88       3
      130702    100.03     28.81    369.98    105.15       3
      130703    181.83     54.26    635.72    178.32       2
      130704    308.17     66.46   1073.54    225.19       3
      130705    467.83     84.71   1620.89    284.21       3
      130706    469.31     49.63   1639.89    169.49       3
      130707    582.61    118.69   2037.57    406.27       3
      130708    534.81     37.06   1867.34    121.86       3
      130709    404.68    131.85   1419.44    451.80       2
      130710    232.35     67.93    826.66    235.73       2
      130711    123.12     64.25    446.19    227.36       3
      130712     50.35     33.87    189.60    123.23       3
      130713     56.18     15.21    209.79     53.94       3
      130714     65.92      9.57    245.16     35.20       3
      130715     91.50     20.44    336.30     75.10       2
      130716    157.43     18.19    569.04     63.56       3
      130717    179.04      6.86    648.57     23.80       2
      130718    161.94     40.25    588.40    140.62       2
      130719    146.47     75.54    526.82    256.98       3
      130720    157.77      4.87    565.44     17.93       3
      130721    200.79      3.52    720.22     10.65       3
      130722    138.07     29.80    503.80    105.31       3
      130723    104.24     18.13    388.65     66.48       3
      130724    133.79     31.53    491.49    113.68       2
      130725    113.98     33.57    423.02    121.62       3
      130726    115.92      9.25    425.32     33.64       2
      130727    122.49     30.22    449.86    107.06       3
      130728    144.02     20.95    530.57     72.13       3
      130729    167.36      6.34    619.36     23.61       3
      130730    155.46     17.70    579.18     64.76       3
      130731    115.38     36.97    431.89    133.60       3
      130801    131.72     19.13    493.90     69.79       3
      130802    191.55      8.96    711.53     30.90       3
      130803    186.58     44.52    691.79    157.85       3
      130804    131.33     47.09    493.72    172.36       3
      130805    110.09     39.22    415.42    145.98       3
      130806     83.46     18.91    315.68     69.99       3
      130807     79.24      7.05    302.46     24.88       3
      130808     67.46      3.39    258.84     11.73       3
      130809     66.77     15.20    253.57     56.70       3
      130810     40.23      9.01    156.28     34.85       2
      130811     79.63     39.11    298.39    138.83       3
      130812    138.20     37.81    505.22    133.94       3
      130813    340.79   -999.00   1208.25   -999.00       1
      130814    320.92     20.53   1148.54     66.53       3
      130815    328.92    130.13   1175.20    446.12       2
      130816    311.62     42.33   1114.38    148.55       3
      130817    294.07     14.79   1058.52     52.54       3
      130818    283.02     35.65   1028.92    126.18       3
      130819    284.61     94.22   1038.24    330.49       3
      130820    245.74     62.10    902.93    220.52       3
      130821    248.04     59.11    912.54    208.04       3
      130822    193.15     40.33    721.55    143.95       3
      130823    160.40     65.84    600.35    241.40       3
      130824     87.43     34.62    327.39    127.35       3
      130825     51.23      7.52    190.18     27.99       3
      130826     61.07      7.50    223.47     26.09       3
      130827    101.10     13.11    364.16     45.53       3
      130828    159.96     22.34    572.06     77.06       2
      130829    213.69     21.24    768.10     73.66       2
      130830    210.90     18.39    764.03     65.56       3
      130831    210.18     30.85    764.80    107.07       2
      130901    202.87     57.17    741.97    202.97       3
      130902    231.70     46.18    847.80    163.48       3
      130903    178.18     27.58    655.81     98.45       3
      130904    137.01     46.89    502.06    167.96       3
      130905     81.81     27.90    301.03     99.13       3
      130906     57.24     29.77    210.43    107.71       3
      130907     27.27      5.76    102.68     19.93       3
      130908     12.97      4.68     50.35     17.08       3
      130909      9.90      4.34     39.21     16.91       3
      130910      7.57      3.40     30.58     13.74       2
      130911     29.82     12.41    116.99     48.66       2
      130912     13.61      6.19     53.03     23.77       2
      130913     21.98      7.00     84.02     26.32       2
      130914     11.34      1.80     44.13      6.65       3
      130915     12.24      3.43     48.04     13.47       3
      130916     25.89     11.26     99.02     41.21       3
      130917     22.03     11.33     87.05     44.89       3
      130918     58.60      9.67    221.97     38.03       3
      130919     93.04     10.01    345.84     38.53       3
      130920    116.39     24.83    428.51     88.84       3
      130921    135.39     19.26    497.85     65.45       3
      130922    155.25     29.26    572.99    104.94       3
      130923    148.18      9.71    548.08     36.63       3
      130924    144.81     12.38    532.90     45.62       3
      130925    146.53     41.54    540.39    153.92       2
      130926    177.74     26.74    647.94     97.44       3
      130927    117.90     13.52    432.52     44.68       3
      130928     77.11     23.96    283.97     85.58       3
      130929     33.63     11.14    126.47     40.42       3
      130930     26.88     11.55    104.63     43.84       2
      131001     56.06     16.27    209.82     57.99       3
      131002     95.48     17.45    350.73     62.01       3
      131003     92.89      6.86    345.25     23.26       3
      131004     91.08     28.87    341.04    106.87       3
      131005    107.13     27.29    400.02     98.08       3
      131006    110.21     54.15    408.48    194.61       2
      131007     95.38      7.30    361.46     28.73       2
      131008    108.99     25.36    411.48     93.17       2
      131009    165.52     16.72    614.32     61.65       3
      131010    269.61      7.01    982.93     22.68       3
      131011    388.54      3.98   1392.23     16.98       3
      131012    369.31     79.27   1317.71    274.39       3
      131013    495.41     93.45   1757.94    326.13       2
      131014    402.13      2.62   1442.91     17.55       2
      131015    349.60     27.95   1250.28    101.83       2
      131016    221.79     72.08    805.00    255.36       3
      131017    175.91     69.14    639.63    240.20       3
      131018    196.53     60.39    720.61    207.89       3
      131019    199.65     26.99    738.06     96.22       3
      131020    319.05     93.52   1151.73    325.84       3
      131021    348.98     25.97   1259.92     92.78       3
      131022    516.50     45.12   1829.91    158.10       3
      131023    702.22     79.72   2451.62    268.11       2
      131024    890.91     33.92   3086.49    113.12       2
      131025    746.01     67.33   2602.63    228.28       3
      131026    599.79    116.43   2103.71    391.14       3
      131027    585.54    139.35   2049.04    477.64       3
      131028    486.55     59.53   1724.29    202.52       2
      131029    558.59   -999.00   1978.01   -999.00       1
      131030    563.13    145.42   1998.66    500.30       3
      131031    482.97     44.31   1723.55    148.14       3
      131101    447.57     62.32   1595.02    217.41       3
      131102    385.38    160.77   1382.54    557.77       3
      131103    351.37     70.65   1260.02    251.52       3
      131104    472.99     87.31   1676.22    299.67       3
      131105    590.32    193.26   2052.99    649.36       3
      131106    613.58    140.80   2122.61    475.74       3
      131107    653.69     84.99   2251.59    283.23       3
      131108    708.30    111.23   2436.33    375.96       3
      131109    538.99     86.04   1866.94    293.12       3
      131110    400.90    177.27   1396.75    598.61       2
      131111    360.38     77.70   1275.13    262.17       3
      131112    438.41     97.55   1555.04    332.66       3
      131113    451.69    123.40   1614.24    418.97       2
      131114    605.80     32.15   2158.72    106.54       2
      131115    836.20     82.58   2960.03    283.54       2
      131116    831.86   -999.00   2956.43   -999.00       1
      131117    812.42    106.55   2873.68    372.01       3
      131118    729.22     97.68   2551.61    351.67       3
      131119    667.83     30.99   2334.37    111.17       2
      131120    474.62     44.67   1659.53    157.66       3
      131121    445.04     28.21   1548.10     90.54       2
      131122    314.51      9.18   1099.92     32.92       2
      131123    269.19      5.69    947.38     21.22       2
      131124    165.48     48.61    599.36    167.67       2
      131125     77.59     15.47    287.67     58.70       3
      131126     67.85     13.83    253.61     50.17       3
      131127     97.31     16.60    362.98     59.19       3
      131128    290.53     70.69   1044.61    241.04       2
      131129    292.95     63.00   1047.61    217.10       3
      131130    298.70     20.47   1074.08     74.96       3
      131201    331.04    113.06   1190.16    396.27       2
      131202    338.17    114.25   1215.96    401.51       2
      131203    244.49     66.41    890.38    229.03       2
      131204    210.52     14.28    772.44     53.04       3
      131205    193.06     74.02    710.73    267.48       2
      131206    251.80     44.23    915.60    154.37       3
      131207    206.70     34.96    753.97    119.54       2
      131208    195.75     42.80    709.90    149.85       2
      131209    254.46     63.92    921.16    225.51       2
      131210    395.71     64.73   1424.91    220.55       2
      131211    454.22     62.80   1644.64    218.50       3
      131212    461.43      6.09   1663.54     29.77       2
      131213    529.87     61.43   1904.41    211.78       3
      131214    622.92     49.84   2223.23    174.24       3
      131215    633.18     86.55   2249.05    299.24       3
      131216    422.88     67.15   1508.86    228.25       3
      131217    346.72     31.26   1254.91    112.14       3
      131218    367.05     63.23   1315.86    218.94       3
      131219    400.49     73.57   1432.02    253.33       3
      131220    376.38     77.62   1347.38    268.02       3
      131221    442.96     20.13   1574.45     70.11       2
      131222    329.92     73.66   1186.99    262.98       3
      131223    356.17     33.90   1279.89    115.66       3
      131224    320.08     25.49   1157.06     85.69       2
      131225    286.54     29.27   1033.90    102.55       2
      131226    251.66     47.78    915.17    169.20       2
      131227    241.98     57.68    882.14    203.45       3
      131228    243.10     34.85    885.49    121.28       3
      131229    243.74     33.48    884.49    116.40       3
      131230    172.44     43.19    630.19    150.08       3
      131231    214.75     80.88    778.69    281.87       2
