Tue Dec  2 10:03:43 2014   calc_USAF_spotindex_Nov12.pro
SSB:2001 AREA-DEP & AREA-INDEP CONTRASTS & SDEVS: BOL EXCESS=0.324
       10101    748.42     96.21   2578.56    318.75       4
       10102    610.75     38.91   2120.07    129.94       4
       10103    500.86     98.26   1756.96    329.96       4
       10104    430.07     73.11   1527.27    248.12       4
       10105    411.70     36.24   1482.27    125.41       3
       10106    762.76    677.25   2591.59   2154.82       3
       10107    282.45     35.27   1047.59    134.21       3
       10108    242.46     41.61    897.88    147.16       4
       10109    239.49     33.91    886.65    119.05       3
       10110    244.44     61.46    902.11    218.72       4
       10111    320.60     93.20   1178.27    328.24       3
       10112    390.22     45.55   1414.18    156.11       4
       10113    472.23     67.65   1684.89    229.41       3
       10114    466.86    104.97   1647.58    359.98       3
       10115    386.37     35.42   1363.04    119.51       3
       10116    215.25     26.24    771.99     86.43       2
       10117    100.69     26.36    374.25     95.74       3
       10118     67.96     14.63    256.01     53.92       3
       10119    119.57     50.98    443.80    182.30       3
       10120    172.68     18.32    629.34     65.84       2
       10121    183.00     71.06    672.52    256.16       3
       10122    243.39     56.92    888.41    199.54       2
       10123    247.24     53.86    908.09    191.60       4
       10124    316.39     60.74   1159.17    216.38       4
       10125    274.12     23.34   1008.37     84.56       3
       10126    311.35     63.41   1126.61    226.35       4
       10127    298.66     47.63   1084.33    166.94       3
       10128    258.67      7.94    930.01     17.87       2
       10129    164.53     19.42    600.79     73.89       2
       10130    137.45     18.29    511.44     68.11       3
       10131    119.66      7.08    448.60     25.24       2
       10201    155.30     15.70    577.71     58.72       3
       10202    126.45     31.92    471.30    113.65       3
       10203    167.70     45.94    615.28    159.56       3
       10204    197.84     14.25    721.40     50.54       4
       10205    213.24     21.88    780.09     76.07       4
       10206    272.51     32.11    998.91    113.44       3
       10207    324.01     51.34   1178.50    181.19       4
       10208    316.41     73.65   1161.88    269.34       4
       10209    350.71     87.21   1286.79    310.74       4
       10210    291.92     71.94   1071.97    250.99       4
       10211    278.69     19.81   1022.86     74.44       4
       10212    213.74     61.12    784.02    215.90       3
       10213    158.02     28.65    589.28    104.23       3
       10214    143.16     18.84    537.18     68.37       3
       10215    122.44     30.28    459.65    107.84       4
       10216     80.27     12.46    304.25     48.05       4
       10217     88.06     24.58    333.77     93.45       4
       10218    167.46     41.35    626.78    153.26       4
       10219    182.97     45.84    677.26    163.35       4
       10220    190.57     29.43    705.94    106.28       3
       10221    159.20     55.44    589.38    197.25       4
       10222    185.58     37.02    675.03    130.42       4
       10223    198.69     33.29    718.41    114.20       4
       10224    229.86     66.09    826.58    231.42       3
       10225    150.97     34.17    552.96    120.00       4
       10226    127.92      0.25    468.44      0.98       2
       10227     96.43      7.69    354.15     24.83       3
       10228     76.20     25.50    286.77     90.52       3
       10301     34.13      3.28    132.58     11.34       2
       10302     38.77      8.57    150.26     31.97       3
       10303    129.49     80.47    484.35    290.74       4
       10304    174.61     36.03    646.07    126.71       4
       10305    193.61     48.48    710.63    168.90       3
       10306    363.46    118.19   1291.81    398.66       4
       10307    433.96    103.95   1523.59    344.29       3
       10308    375.75     97.01   1313.49    327.47       4
       10309    275.39     23.44    979.44     78.75       3
       10310    229.96     47.00    825.36    164.86       4
       10311    186.62     22.50    670.96     78.14       4
       10312    206.04     23.01    737.46     78.25       4
       10313    132.15     26.66    481.63     91.96       3
       10314    168.23     52.93    614.41    184.85       3
       10315    232.86     60.29    839.93    207.64       3
       10316    252.14     34.07    907.93    114.57       3
       10317    186.05     49.93    670.38    179.44       4
       10318    134.64     58.27    483.60    197.76       4
       10319    136.15     27.96    489.50     96.72       4
       10320    114.29     44.37    413.08    152.59       3
       10321    195.74     32.63    706.47    104.80       2
       10322    249.91     94.66    896.21    333.27       3
       10323    252.03     43.00    912.08    147.77       4
       10324    502.22    118.44   1782.73    411.81       4
       10325    682.16     75.48   2406.60    257.31       3
       10326    969.70    179.08   3394.18    600.70       3
       10327   1613.24    119.44   5541.91    391.18       4
       10328   2082.73    100.80   7033.11    319.37       4
       10329   2182.39     80.29   7343.17    292.42       3
       10330   1877.99    202.92   6359.87    650.86       3
       10331   1566.43    257.53   5335.73    842.67       4
       10401   1295.35    247.63   4450.48    816.76       4
       10402    945.41    179.47   3280.22    602.63       2
       10403    629.78     91.40   2239.70    309.29       4
       10404    428.42     96.20   1534.68    331.69       4
       10405    457.10     69.69   1621.42    246.55       3
       10406    623.79    203.91   2177.28    683.09       4
       10407    753.68     58.39   2620.14    196.84       4
       10408    761.96     99.85   2653.06    343.62       3
       10409    754.79     85.92   2630.10    289.66       4
       10410    573.62     72.76   2030.28    241.32       4
       10411    573.38     93.75   2041.42    320.35       4
       10412    499.77     48.61   1797.30    183.14       4
       10413    323.08     25.14   1175.39     89.69       3
       10414    196.40     32.07    718.79    118.06       3
       10415    115.81     25.77    426.81     89.14       4
       10416     82.82     49.73    313.64    185.13       3
       10417     55.66     16.72    211.29     62.76       3
       10418     73.38     20.28    275.73     74.57       4
       10419    179.62     51.53    650.99    179.25       4
       10420    305.06     75.56   1086.53    260.11       3
       10421    637.41     30.44   2238.53    102.51       3
       10422    662.53     65.15   2322.63    215.02       3
       10423    763.54    111.99   2651.21    365.61       4
       10424    835.73    131.53   2884.55    432.79       4
       10425    841.65    154.83   2895.90    507.68       3
       10426    754.63    104.11   2609.43    349.30       4
       10427    720.37     77.90   2504.55    261.08       4
       10428    567.25     55.21   1991.40    189.03       4
       10429    475.56     25.42   1681.74     88.24       4
       10430    420.36     55.33   1502.66    197.96       3
       10501    428.20     69.62   1527.66    242.08       4
       10502    453.34     70.65   1617.70    243.31       4
       10503    365.15     11.38   1320.39     37.84       4
       10504    478.47     71.90   1708.78    245.33       4
       10505    392.73     51.63   1417.88    180.22       4
       10506    258.05   -999.00    944.22   -999.00       1
       10507    249.57     42.50    914.63    150.50       4
       10508    203.00      9.41    747.69     33.44       4
       10509    202.54     26.66    747.76     94.41       3
       10510    189.84     20.98    697.79     76.06       4
       10511    264.52     77.20    958.38    273.69       4
       10512    405.64    102.90   1453.29    354.60       4
       10513    385.02     78.75   1376.35    277.48       3
       10514    392.45     47.46   1407.88    166.01       4
       10515    341.90     48.77   1229.94    172.41       4
       10516    249.84     19.68    902.48     70.25       4
       10517    196.55     26.75    711.38     93.90       3
       10518    109.99     27.11    405.24     95.26       3
       10519    167.34     46.33    607.99    165.60       3
       10520    240.86     30.12    863.86    104.82       4
       10521    373.29     31.20   1329.53    106.34       2
       10522    407.25     96.69   1463.08    328.71       3
       10523    651.96    165.79   2289.59    560.47       4
       10524    724.51     39.78   2553.20    134.52       4
       10525    386.24    198.45   1379.80    702.83       4
       10526    488.45    108.17   1745.34    370.03       4
       10527    401.03     69.61   1444.71    245.91       4
       10528    297.74     33.79   1084.81    122.18       4
       10529    161.46     13.52    596.95     52.21       4
       10530    130.94     82.84    481.48    293.55       3
       10531     85.46     34.29    321.84    124.98       3
       10601     75.51     28.25    286.22    105.33       4
       10602    153.23     24.21    570.02     85.64       3
       10603    247.21     82.21    903.60    286.00       4
       10604    435.47    134.11   1560.38    462.63       4
       10605    500.00     26.97   1786.49     92.81       4
       10606    438.33     69.41   1576.14    242.74       4
       10607    494.89     26.98   1780.47     92.26       3
       10608    569.63    137.06   2066.39    483.75       3
       10609    742.84     63.59   2680.17    216.08       3
       10610    675.21     94.33   2438.06    324.03       3
       10611    652.02    145.85   2365.06    521.24       2
       10612    418.26     71.83   1542.69    256.37       4
       10613    416.59     32.93   1539.24    119.74       4
       10614    559.97    137.43   2037.97    474.36       4
       10615    570.06     91.43   2077.94    326.80       4
       10616    878.79     91.07   3118.84    313.02       3
       10617    874.23     99.84   3092.82    331.83       4
       10618    797.33     42.88   2822.39    143.27       4
       10619    938.10    252.14   3293.50    860.75       3
       10620    848.22     39.99   2989.26    139.64       4
       10621    707.81    100.63   2504.41    346.86       4
       10622    618.34    249.39   2201.51    855.86       4
       10623    549.86     81.14   1973.48    285.18       4
       10624    553.11    126.45   1989.71    440.40       4
       10625    458.11    226.45   1654.86    795.14       3
       10626    389.48     55.85   1423.09    198.39       3
       10627    339.50     96.46   1245.92    343.23       4
       10628    216.31     46.01    802.70    170.82       4
       10629    145.36     38.45    541.78    139.87       4
       10630    136.95     23.25    511.34     83.88       4
       10701    133.20     27.79    497.83     99.32       4
       10702    119.55     43.86    447.40    160.71       4
       10703    134.02     32.34    500.42    115.70       3
       10704    152.42     22.90    568.44     82.03       4
       10705    118.77     40.46    441.05    145.81       4
       10706    126.33      8.99    472.48     28.72       2
       10707    140.01     21.17    519.49     77.27       4
       10708    152.54     35.74    566.60    128.85       4
       10709    206.75     26.39    763.40     94.86       4
       10710    184.38     14.69    681.75     51.67       4
       10711    153.35     22.26    572.56     80.20       4
       10712    167.09     41.11    628.17    150.97       4
       10713    217.81     13.40    813.93     49.48       4
       10714    283.70     83.58   1043.10    293.25       4
       10715    394.67     48.14   1428.39    168.01       3
       10716    454.81     56.07   1654.77    198.82       4
       10717    539.94     13.95   1958.41     42.45       3
       10718    460.93     62.41   1683.69    222.44       4
       10719    418.58     35.40   1533.83    128.14       4
       10720    419.94     54.66   1527.75    185.11       3
       10721    318.89     61.37   1163.87    214.12       4
       10722    451.35     66.43   1612.61    231.84       3
       10723    235.72     37.50    862.32    144.92       2
       10724    213.51     26.49    767.12     94.04       4
       10725    203.15     23.15    737.61     79.36       3
       10726    211.52     84.61    759.10    293.99       3
       10727    115.67     32.46    425.58    114.38       4
       10728     53.12     17.71    201.59     65.02       4
       10729     72.82      3.15    271.28     13.97       3
       10730     78.01      3.11    288.47      9.99       3
       10731    129.00     23.30    469.39     81.27       4
       10801    141.40     19.45    523.34     72.66       4
       10802    176.45     69.07    654.02    249.00       4
       10803    171.70     88.48    642.97    321.31       4
       10804    395.67    182.64   1427.98    629.54       4
       10805    623.77    163.75   2211.05    556.02       4
       10806    567.60     42.38   2017.01    146.37       4
       10807    630.81     69.75   2234.53    241.46       4
       10808    526.64     51.32   1876.41    179.44       4
       10809    537.11     40.01   1910.03    143.84       3
       10810    349.00     92.17   1261.60    320.55       2
       10811    510.23     76.85   1828.52    264.53       4
       10812    573.62     59.53   2055.54    200.83       2
       10813    465.96     32.80   1674.95    112.23       4
       10814    357.84    127.82   1297.47    451.20       4
       10815    258.16     48.34    952.82    175.90       2
       10816    234.40     31.89    871.07    115.58       3
       10817    162.88     15.61    610.48     57.85       4
       10818    282.96     18.32   1038.65     68.29       3
       10819    328.90     98.92   1199.23    347.67       4
       10820    363.12     51.50   1316.69    178.75       4
       10821    393.04     35.53   1420.31    125.14       3
       10822    452.38     57.81   1624.84    201.73       4
       10823    480.00     73.40   1706.16    248.58       4
       10824    451.70     32.17   1596.28    107.18       4
       10825    473.85     73.31   1656.37    244.67       4
       10826    566.07     53.76   1967.63    177.72       4
       10827    617.04      8.90   2146.49     34.84       4
       10828    567.22     72.37   1988.82    243.23       4
       10829    657.92     58.45   2310.00    200.10       4
       10830    743.02     73.95   2612.36    251.42       4
       10831    795.44     43.52   2770.84    145.84       4
       10901    804.56     60.55   2800.94    197.94       4
       10902    742.44     55.54   2587.23    176.65       3
       10903    701.56    133.64   2441.48    450.79       2
       10904    721.03     82.65   2503.70    275.09       3
       10905    726.74     91.50   2522.82    306.49       3
       10906    797.52    117.41   2773.30    384.89       3
       10907    814.24     41.60   2842.94    151.35       3
       10908    910.40     96.72   3177.52    325.95       4
       10909   1061.02    148.35   3679.67    499.55       4
       10910   1230.46    163.10   4237.64    539.38       4
       10911   1140.72     52.20   3930.27    175.78       4
       10912   1100.83    102.92   3793.46    347.55       2
       10913    978.03     67.08   3381.00    223.57       3
       10914    802.61     90.07   2778.61    299.97       2
       10915    582.81     95.83   2053.53    323.49       3
       10916    435.73     70.23   1546.32    240.05       4
       10917    364.38    106.15   1305.30    367.04       4
       10918    367.35     51.72   1335.66    188.67       4
       10919    482.88     70.84   1750.98    252.60       4
       10920    666.90    174.31   2389.14    611.19       4
       10921    897.43    120.34   3185.24    415.19       4
       10922   1061.20    182.23   3749.52    607.20       4
       10923   1322.38    105.59   4623.59    349.96       4
       10924   1468.11    167.69   5109.05    551.76       4
       10925   1363.81    204.61   4742.81    677.38       4
       10926   1354.28    291.36   4723.02    977.81       4
       10927   1304.72    102.37   4548.01    349.74       4
       10928   1039.40    182.45   3645.50    634.83       3
       10929    922.85    107.95   3254.74    368.71       4
       10930    980.49   -999.00   3463.39   -999.00       1
       11001    682.42     18.46   2458.45     89.20       2
       11002    489.15     73.56   1772.77    268.24       4
       11003    352.02     62.95   1291.49    222.80       4
       11004    299.92     90.76   1105.68    328.02       4
       11005    267.92     19.16    985.27     67.29       4
       11006    275.40     43.07   1006.26    150.02       3
       11007    290.09     11.27   1057.47     39.13       4
       11008    206.64     26.44    756.53     91.24       3
       11009    188.61     17.66    692.42     63.47       4
       11010    206.42     66.85    762.95    240.54       4
       11011    287.52     25.99   1049.53     90.62       4
       11012    426.55    108.34   1529.84    377.84       3
       11013    469.55     24.50   1666.20     84.26       4
       11014    579.51     95.83   2046.11    323.66       4
       11015    619.34     61.37   2167.17    203.74       4
       11016    722.84     37.22   2513.52    128.46       4
       11017    837.86     96.12   2912.13    334.89       4
       11018    731.85    204.71   2563.78    710.26       3
       11019    915.31     74.75   3214.74    260.81       4
       11020    715.45     59.41   2543.62    200.10       3
       11021    712.61     86.67   2538.18    289.01       3
       11022    829.78     68.90   2935.68    231.96       3
       11023    712.22     29.86   2522.82     98.49       4
       11024    727.30     65.88   2580.91    223.67       4
       11025    771.38    109.38   2735.30    373.40       2
       11026   1080.51     62.63   3776.44    219.17       3
       11027   1126.59     48.93   3899.23    165.26       4
       11028   1032.89    131.26   3576.62    443.28       4
       11029   1122.18     54.79   3861.60    185.22       4
       11030   1225.06    174.15   4173.25    576.17       4
       11031   1296.63     22.05   4401.30     74.94       3
       11101   1051.89    173.77   3594.02    566.83       4
       11102   1038.26    214.61   3548.80    707.69       4
       11103   1084.69    616.19   3680.67   1992.73       3
       11104    775.85     28.32   2697.23     96.99       4
       11105    727.73     66.30   2553.29    227.43       4
       11106    607.86    166.47   2145.30    571.00       4
       11107    699.89    112.94   2462.53    394.00       3
       11108    845.72     91.35   2953.06    296.80       3
       11109   1434.38   -999.00   4891.99   -999.00       1
       11110   1433.77     12.04   4876.98     29.22       2
       11111   1154.68    118.14   3938.15    387.04       4
       11112   1030.23     93.75   3533.53    304.66       3
       11113    869.24    101.72   3005.51    346.98       4
       11114    597.79    180.89   2104.56    616.36       3
       11115    628.18     55.31   2225.18    191.10       3
       11116    586.26     69.52   2087.22    235.47       4
       11117    640.86     54.09   2268.75    183.12       4
       11118    682.67     57.07   2409.17    198.45       4
       11119    729.16     63.69   2556.52    214.71       3
       11120    639.91     83.69   2248.29    288.40       3
       11121    547.52    126.28   1918.00    423.34       4
       11122    486.34     53.61   1710.89    180.78       4
       11123    378.96     71.11   1336.74    248.32       4
       11124    244.26     54.99    871.52    192.17       4
       11125    199.21     48.91    716.98    170.99       3
       11126    239.70     43.11    860.21    143.40       4
       11127    325.82     36.82   1160.81    120.53       4
       11128    594.30    126.05   2090.85    422.60       3
       11129    896.51    221.61   3107.56    741.70       4
       11130   1298.71     52.77   4468.02    178.59       2
       11201   1201.33     70.68   4162.45    229.55       4
       11202   1178.17     95.34   4096.97    315.70       4
       11203   1149.41    182.10   4011.63    603.81       4
       11204   1076.07    104.30   3782.52    354.24       4
       11205   1035.58    186.79   3659.83    628.50       3
       11206    979.40    132.10   3460.64    456.74       3
       11207    713.78    181.42   2548.24    624.27       4
       11208    576.85     82.92   2061.45    295.41       4
       11209    468.65    131.01   1678.62    460.75       4
       11210    533.53     77.64   1874.49    257.06       4
       11211    597.97     18.63   2093.72     58.78       3
       11212    706.82    141.52   2473.01    485.21       3
       11213    587.67     82.90   2065.50    277.06       3
       11214    498.08     71.41   1764.98    241.10       3
       11215    463.47    134.32   1658.22    456.47       3
       11216    464.68    217.86   1654.71    755.24       3
       11217    616.32    106.59   2191.94    372.43       2
       11218    465.25    100.43   1662.87    348.61       3
       11219    333.09     40.06   1195.08    143.18       4
       11220    479.48    121.53   1690.86    410.54       4
       11221    697.89    125.44   2443.11    422.02       4
       11222    764.71    205.12   2685.98    689.10       4
       11223    962.47    205.19   3359.79    690.03       3
       11224    942.59   -999.00   3277.68   -999.00       1
       11225   1033.69    104.80   3595.26    353.56       4
       11226    876.41    114.11   3083.15    380.50       3
       11227    705.92    140.85   2503.31    481.96       3
       11228    608.32    114.06   2180.83    393.62       4
       11229    575.89     74.24   2072.36    259.15       4
       11230    436.67    129.79   1594.09    455.40       3
       11231    432.66     44.26   1577.96    158.96       2
