Tue Dec  2 10:03:04 2014   calc_USAF_spotindex_Nov12.pro
SSB:1988 AREA-DEP & AREA-INDEP CONTRASTS & SDEVS: BOL EXCESS=0.324
      880101    170.13     15.39    600.01     52.35       4
      880102    125.12     17.82    446.77     62.85       7
      880103     85.66     25.47    307.92     87.00       7
      880104     54.75     23.84    198.48     85.05       6
      880105     33.39     15.34    122.35     52.85       3
      880106     25.16      9.87     96.49     36.77       4
      880107     60.10     45.88    224.43    165.29       7
      880108    127.15     24.00    466.89     85.48       6
      880109    114.54     23.12    426.06     82.62       5
      880110     96.92     31.65    364.68    117.43       6
      880111     99.43     17.88    374.53     67.40       3
      880112    109.68     46.18    405.88    166.64       6
      880113     81.71     11.38    304.47     40.76       5
      880114    110.38     25.11    404.72     89.18       6
      880115    176.10     63.41    632.15    219.44       4
      880116    231.59     38.15    826.66    130.92       4
      880117    222.23     63.60    794.00    219.43       5
      880118    243.35     62.05    869.70    213.37       5
      880119    285.81    103.05   1015.99    358.51       4
      880120    357.30     48.03   1268.89    163.76       5
      880121    313.61     50.99   1117.33    176.83       5
      880122    262.42     57.85    935.75    200.82       5
      880123    156.83     78.15    562.59    273.16       5
      880124     79.05     24.13    288.79     86.56       6
      880125     36.04      8.02    133.39     29.20       5
      880126     33.22      6.95    127.54     25.41       6
      880127     66.19     32.20    244.21    113.94       5
      880128     64.17     38.15    234.17    137.64       6
      880129     47.92     27.89    179.01    101.30       6
      880130     48.81     18.35    183.01     66.23       5
      880131     91.37     47.65    337.81    171.50       6
      880201    159.53     56.30    582.31    199.98       4
      880202    193.15     52.71    706.92    187.65       5
      880203    162.58     55.22    599.52    195.84       5
      880204    129.38     15.02    480.99     54.65       3
      880205     98.56     18.65    368.97     66.68       4
      880206     95.94     34.65    357.90    125.08       4
      880207     76.27     21.95    286.26     79.87       5
      880208     64.97     35.85    243.02    131.47       7
      880209     31.36     14.17    118.57     52.95       7
      880210     16.32      9.55     62.63     36.39       5
      880211      7.57      4.90     29.72     18.76       6
      880212      5.19      2.80     20.57     10.60       7
      880213     46.69     15.17    163.21     50.27       5
      880214     88.61     12.30    306.31     41.31       6
      880215    141.07     27.07    487.96     91.03       7
      880216    203.23     56.01    704.74    188.94       7
      880217    278.66     67.28    964.26    226.36       7
      880218    337.74     59.86   1175.61    204.38       6
      880219    337.26     53.98   1183.10    183.06       6
      880220    312.46     46.27   1092.49    155.48       5
      880221    242.95     31.62    846.71    106.86       6
      880222    185.69     21.95    644.53     74.07       5
      880223    119.47     18.51    417.35     62.25       5
      880224     47.13      8.96    166.68     30.68       6
      880225     27.35     19.60     97.07     67.78       5
      880226      4.12      3.18     15.97     12.02       3
      880227      9.29      5.66     36.00     21.38       6
      880228     58.61     80.30    213.62    285.20       4
      880229    131.12     80.45    473.11    284.46       4
      880301    196.94     67.89    710.06    237.71       6
      880302    271.42     95.48    966.55    329.87       5
      880303    251.81     52.20    905.92    180.90       5
      880304    256.66     61.71    926.90    214.43       6
      880305    219.35     41.66    792.98    144.85       5
      880306    163.96     50.00    593.41    174.28       5
      880307    104.17     41.95    384.22    150.15       5
      880308     78.58     33.10    291.56    118.70       4
      880309     60.00     41.49    220.64    150.95       5
      880310     25.80     18.20     96.51     66.30       6
      880311     10.47      2.97     40.03     10.91       5
      880312     35.74     23.90    129.43     84.88       6
      880313    124.29     36.40    443.38    125.94       7
      880314    215.50     33.55    759.96    114.43       7
      880315    284.15     63.72   1000.67    218.36       6
      880316    386.57     34.87   1360.31    123.89       6
      880317    444.70     82.76   1570.18    279.28       7
      880318    407.05     71.21   1440.29    241.75       6
      880319    495.77    126.26   1738.45    430.01       7
      880320    445.11    120.85   1550.23    408.46       5
      880321    308.46    118.51   1084.96    403.45       7
      880322    211.21     56.80    752.45    195.47       6
      880323    182.90     55.82    658.29    195.03       6
      880324    177.58     58.58    639.92    205.02       6
      880325    235.54     56.65    840.16    195.61       7
      880326    301.89     77.86   1070.37    267.13       7
      880327    311.77     60.04   1108.83    207.84       6
      880328    355.97     82.28   1262.17    283.53       5
      880329    391.36     99.20   1392.29    341.70       7
      880330    425.76     62.31   1503.73    214.62       5
      880331    437.15     10.80   1550.69     36.13       4
      880401    404.86     43.25   1433.36    145.58       5
      880402    343.38     62.53   1219.29    215.80       5
      880403    284.85     29.57   1015.50    101.34       3
      880404    200.91     43.11    718.89    148.92       6
      880405    142.67     37.43    511.06    130.89       6
      880406    186.26     21.70    661.40     76.71       6
      880407    185.88     50.25    671.30    173.78       6
      880408    227.70     45.18    824.58    160.45       5
      880409    260.44     43.45    945.28    153.21       6
      880410    305.08     50.88   1105.24    177.86       7
      880411    329.00     49.34   1191.21    168.92       7
      880412    362.28     73.06   1304.40    253.63       7
      880413    419.42     84.75   1504.85    300.07       7
      880414    433.02    106.87   1553.05    371.41       6
      880415    597.63    104.04   2119.45    352.24       5
      880416    696.94    249.23   2458.84    870.54       6
      880417    707.77    149.66   2447.99    495.01       5
      880418    579.85    139.44   2003.81    463.08       6
      880419    474.03     92.72   1646.29    314.76       5
      880420    301.22     67.11   1060.40    227.59       6
      880421    202.48    112.41    717.87    384.77       6
      880422    115.26     35.31    414.00    124.24       6
      880423     75.63     40.90    274.57    145.29       6
      880424     38.21     16.52    141.19     60.93       7
      880425     62.73     15.28    230.63     54.52       7
      880426    106.47     45.34    387.58    160.16       6
      880427    185.50     32.77    667.76    111.00       6
      880428    301.81    197.95   1060.70    653.37       5
      880429    169.50     30.61    618.37    106.49       6
      880430    168.95     32.44    616.96    117.45       4
      880501    186.45     46.42    682.88    164.95       7
      880502    172.28     13.19    636.44     47.77       6
      880503    104.68     23.28    391.46     83.91       6
      880504     85.83     31.30    317.63    104.96       4
      880505     99.00     40.04    367.31    144.58       4
      880506     96.16     37.32    359.29    135.04       6
      880507     52.71     31.63    200.87    115.73       5
      880508     49.81     23.91    193.82     91.30       5
      880509    121.48     26.56    451.34     96.86       7
      880510    144.71     27.93    529.27     96.84       6
      880511    123.68     24.09    456.55     87.34       7
      880512     36.24      7.32    140.50     27.44       6
      880513     29.39     13.04    114.87     49.33       6
      880514     19.58      4.49     76.49     17.40       7
      880515     39.17     10.35    150.87     38.60       6
      880516     54.40     20.10    207.90     73.75       6
      880517     63.34     22.03    238.04     80.88       5
      880518     45.32     15.77    168.62     58.25       6
      880519     25.42      8.29     93.38     29.82       6
      880520      9.48      2.67     35.75      9.51       5
      880521      6.43      2.80     25.26     10.74       7
      880522     16.56      9.12     62.22     32.77       6
      880523     93.66     55.49    330.10    190.49       6
      880524    195.59     88.94    681.04    302.42       7
      880525    237.56     56.59    831.84    189.56       5
      880526    326.83     86.33   1135.62    290.16       7
      880527    360.99     80.97   1248.30    269.44       7
      880528    362.48     54.02   1258.79    180.73       7
      880529    336.73    110.39   1165.17    370.28       6
      880530    307.01     70.08   1068.04    234.25       6
      880531    278.85     62.80    980.81    212.51       7
      880601    252.78     75.86    897.02    259.98       6
      880602    334.79     41.86   1184.44    144.86       5
      880603    392.86     52.30   1391.11    181.26       7
      880604    396.53     73.04   1413.66    253.68       7
      880605    379.84     86.60   1368.03    304.37       7
      880606    459.73    101.57   1647.32    356.98       7
      880607    491.91    151.16   1757.46    520.34       7
      880608    527.73    102.67   1883.91    348.53       5
      880609    440.68     42.11   1585.21    146.58       6
      880610    318.39    102.02   1143.42    354.36       7
      880611    264.81    193.20    942.67    647.56       7
      880612    160.18     37.29    584.91    130.74       7
      880613    139.74     11.89    509.21     41.92       7
      880614    133.28     31.81    484.03    112.07       6
      880615    163.70     36.44    590.99    126.95       6
      880616    199.49     37.43    716.23    128.98       7
      880617    244.72     55.56    876.11    192.25       7
      880618    295.03     52.42   1046.03    178.85       7
      880619    300.38     55.66   1066.08    190.79       7
      880620    370.17     62.42   1308.49    213.78       7
      880621    395.68     30.66   1403.08    105.28       5
      880622    416.06     77.66   1469.68    267.90       7
      880623    394.84     58.70   1384.39    198.00       7
      880624    377.20     84.57   1306.10    289.16       7
      880625    258.70     22.14    912.90     74.75       5
      880626    310.07    110.31   1068.24    365.66       5
      880627    661.54    227.71   2220.66    750.14       7
      880628   1306.27    231.88   4329.41    758.97       7
      880629   1761.80    168.29   5806.15    530.41       7
      880630   1966.57    215.72   6512.84    694.57       7
      880701   2149.51    386.72   7120.00   1228.10       7
      880702   2036.42    329.87   6766.81   1053.25       6
      880703   1850.29    343.57   6171.00   1100.70       6
      880704   1371.93    312.63   4601.77   1009.23       6
      880705    835.86    166.20   2824.69    537.57       5
      880706    404.44     55.82   1399.51    184.35       5
      880707    254.55     75.25    900.70    259.09       5
      880708    201.10     15.64    722.31     52.96       6
      880709    295.05     69.20   1041.33    234.06       7
      880710    362.93     40.35   1283.30    134.40       5
      880711    336.76     68.66   1201.97    235.29       6
      880712    384.98     48.66   1372.28    169.14       7
      880713    488.97    108.67   1715.53    365.62       7
      880714    591.18     84.95   2046.37    280.64       7
      880715    590.49     85.09   2027.05    279.45       6
      880716    817.31    292.38   2768.23    937.95       6
      880717    780.08    142.59   2649.75    471.28       6
      880718    540.46    265.98   1863.67    886.65       7
      880719    576.60    177.47   1974.15    588.83       6
      880720    495.08     98.13   1706.55    327.31       7
      880721    331.59     42.52   1162.47    145.41       6
      880722    182.27     33.74    653.39    116.81       7
      880723    135.65     35.64    494.32    127.64       7
      880724    115.28     29.72    423.33    108.56       6
      880725    134.34     49.45    488.57    176.18       7
      880726    252.68     49.28    896.80    168.33       7
      880727    429.19     50.38   1508.21    174.54       6
      880728    535.40     89.59   1881.47    307.86       7
      880729    718.05    191.33   2499.98    644.38       6
      880730    732.41    120.69   2565.83    408.36       6
      880731    951.00    113.73   3296.99    376.15       7
      880801    818.24    136.49   2843.71    459.62       7
      880802    656.32     81.64   2295.31    277.15       6
      880803    592.26    130.59   2057.85    441.37       7
      880804    449.53     48.99   1557.54    164.87       7
      880805    329.07     57.30   1150.61    192.34       7
      880806    272.22     49.10    966.70    167.17       7
      880807    352.84     58.01   1250.97    200.46       7
      880808    489.81    109.13   1729.35    372.30       6
      880809    655.64    208.15   2307.30    712.98       6
      880810    839.20    220.94   2940.03    755.59       6
      880811   1022.69    164.62   3559.96    558.96       7
      880812   1067.25    153.53   3715.19    516.38       6
      880813    940.72    108.36   3292.06    365.47       7
      880814    693.52     63.53   2451.82    216.48       7
      880815    497.75     90.77   1771.91    313.84       7
      880816    375.34     56.66   1337.02    196.77       6
      880817    252.17     59.42    902.27    207.42       6
      880818    152.09     43.45    542.54    152.70       7
      880819     74.40     26.07    269.57     90.54       7
      880820     47.95     15.60    179.50     57.58       7
      880821     49.39      7.79    182.29     28.63       6
      880822     61.09      5.36    225.72     18.18       4
      880823     79.09     22.65    292.79     81.42       6
      880824     89.10     14.99    336.09     55.06       6
      880825    219.31     47.52    794.23    162.28       6
      880826    295.10     43.13   1056.16    151.93       7
      880827    334.29     77.39   1195.75    269.22       7
      880828    428.45    113.04   1512.37    386.65       6
      880829    688.63    116.53   2392.25    393.24       6
      880830    889.55    174.32   3057.52    574.78       7
      880831   1141.55    293.85   3892.52    972.94       6
      880901   1196.94    145.75   4082.14    491.05       6
      880902    953.49    200.27   3260.26    655.83       7
      880903    706.26    144.63   2428.84    476.11       7
      880904    591.24    157.40   2033.08    526.83       7
      880905    424.38     84.35   1474.19    292.90       6
      880906    202.59     53.60    716.22    186.36       6
      880907    141.12     32.19    509.05    115.58       7
      880908     86.90     29.95    322.43    104.90       6
      880909     74.06     16.21    279.05     60.41       6
      880910     95.40     29.52    360.87    110.81       7
      880911    115.55     29.53    433.71    109.46       5
      880912    122.96     60.52    453.93    221.62       6
      880913    216.17     55.02    785.08    193.91       6
      880914    246.19     67.49    888.21    235.04       6
      880915    270.65     44.50    973.83    155.16       5
      880916    206.63     39.49    748.66    141.89       7
      880917    181.81     28.06    661.36     99.90       7
      880918    206.03     36.06    748.36    128.72       7
      880919    216.16     41.95    786.10    149.63       7
      880920    294.25    105.82   1067.99    373.25       6
      880921    281.38     36.46   1029.90    125.28       6
      880922    337.56     80.94   1224.36    280.40       7
      880923    340.51     66.81   1244.62    240.12       6
      880924    423.04    101.11   1532.84    355.99       7
      880925    353.10    103.21   1284.79    366.09       7
      880926    440.97    191.51   1578.35    636.32       7
      880927    313.79     49.69   1130.02    183.03       6
      880928    363.67     56.09   1293.49    188.91       6
      880929    366.49     87.16   1296.27    297.74       6
      880930    363.00     94.55   1282.44    320.75       5
      881001    448.05     63.09   1572.65    214.02       7
      881002    554.67     69.21   1932.75    233.17       7
      881003    674.99     93.27   2339.29    312.22       6
      881004    801.48     70.68   2764.04    232.93       5
      881005    795.05    110.64   2744.30    372.39       6
      881006    728.72    290.50   2509.04    989.23       7
      881007    861.27    117.88   2968.72    394.58       7
      881008    952.53    131.91   3283.95    440.02       6
      881009    789.69    219.66   2745.43    744.51       6
      881010   1393.28   1775.88   4591.21   5512.57       6
      881011    612.55     52.83   2146.86    181.69       7
      881012    417.37     73.76   1491.05    260.23       6
      881013    260.30     42.79    957.32    153.98       7
      881014    173.76     45.44    651.32    168.01       7
      881015    121.52     19.39    460.03     74.75       7
      881016    145.44     53.41    544.79    194.56       7
      881017    204.14     51.44    752.85    181.09       5
      881018    275.63     56.86    991.57    202.98       6
      881019    341.40     86.92   1190.10    296.23       7
      881020    583.36    187.40   1977.73    611.53       5
      881021    709.54     70.11   2391.01    233.69       6
      881022    819.71    173.24   2760.10    564.85       5
      881023    878.38    213.43   2957.74    695.30       6
      881024    895.16     88.42   3020.42    290.61       7
      881025    812.24     65.32   2754.63    217.15       6
      881026    621.11    206.69   2119.05    681.25       7
      881027    470.44    109.24   1620.99    366.47       6
      881028    318.84     66.07   1123.93    219.05       6
      881029    244.52    101.51    881.78    353.73       7
      881030    259.43     73.24    930.68    258.12       6
      881031    359.16     67.59   1270.63    235.33       6
      881101    520.79    111.70   1828.63    380.91       7
      881102    592.03    105.82   2071.26    363.00       5
      881103    709.49    115.88   2478.69    393.42       4
      881104    886.70    107.91   3077.47    363.08       6
      881105   1000.47    116.16   3467.02    390.58       5
      881106    924.19    128.58   3207.09    434.52       6
      881107    767.13    383.59   2673.05   1335.65       7
      881108    512.15    149.14   1792.51    505.53       6
      881109    498.77     61.82   1734.48    200.74       6
      881110    364.26     73.24   1286.01    251.96       6
      881111    337.81     65.89   1210.59    230.70       5
      881112    343.93     83.16   1244.20    296.11       6
      881113    413.39    179.08   1463.03    623.69       7
      881114    561.46    147.90   1971.21    500.90       6
      881115    580.49     54.08   2051.93    186.75       4
      881116    456.46    159.83   1630.54    564.47       6
      881117    539.94     75.74   1933.16    255.15       5
      881118    468.58    117.38   1679.20    405.31       6
      881119    312.87     99.28   1133.46    347.00       7
      881120    233.42     62.68    850.15    218.69       6
      881121    254.91     45.92    930.13    163.84       6
      881122    276.35     51.40    999.12    181.16       6
      881123    225.44     62.03    819.35    218.44       5
      881124    158.68     36.04    586.07    128.99       7
      881125    128.57     31.21    472.72    110.51       5
      881126    132.34     63.15    476.79    222.03       4
      881127    152.47     56.94    543.67    200.35       6
      881128    234.04     56.71    835.02    197.39       5
      881129    290.34     36.61   1027.58    127.70       7
      881130    335.95     57.78   1196.86    202.83       7
      881201    508.22     91.40   1814.59    320.04       6
      881202    502.98    116.94   1801.08    407.63       6
      881203    499.75     81.19   1792.58    282.36       7
      881204    433.66     97.47   1560.49    338.69       6
      881205    475.47    308.59   1681.99   1020.53       6
      881206    308.52     63.88   1125.13    227.93       6
      881207    267.33     34.86    983.03    123.85       4
      881208    235.58     45.82    865.97    161.35       4
      881209    319.87     34.19   1162.77    119.01       4
      881210    267.36     71.83    983.67    256.82       4
      881211    333.79     45.57   1229.01    161.62       5
      881212    403.67    119.15   1473.78    423.33       6
      881213    455.69     70.69   1654.57    245.17       5
      881214    585.41    103.47   2095.76    357.99       7
      881215    693.53    238.56   2445.10    830.49       4
      881216   1183.02    547.93   4121.95   1888.46       5
      881217   1171.69    299.46   4046.25   1014.76       4
      881218   1280.82    325.63   4422.94   1110.14       7
      881219   1251.98    316.90   4340.45   1070.37       4
      881220   1322.77    198.05   4616.85    675.76       6
      881221   1120.81    269.09   3926.01    924.55       7
      881222   1098.38    302.86   3849.58   1022.91       5
      881223   1098.86    241.77   3840.70    814.54       6
      881224    874.08    284.70   3063.01    968.45       6
      881225    742.28    144.60   2608.32    495.15       7
      881226    766.31    152.75   2696.81    523.10       6
      881227    815.78    189.45   2863.33    643.96       7
      881228    816.74    233.55   2869.30    801.45       6
      881229    701.93     97.13   2481.94    330.12       7
      881230    478.98    110.85   1709.03    386.83       6
      881231    364.12    106.19   1304.51    370.37       7
