Tue Dec  2 10:03:34 2014   calc_USAF_spotindex_Nov12.pro
SSB:1996 AREA-DEP & AREA-INDEP CONTRASTS & SDEVS: BOL EXCESS=0.324
      960101   -999.00   -999.00   -999.00   -999.00       0
      960102      7.43      2.62     30.00     10.57       2
      960103     66.10     28.24    242.12     99.14       4
      960104    132.11     55.87    474.85    196.91       5
      960105    224.23   -999.00    802.47   -999.00       1
      960106    161.19     36.49    579.25    126.68       2
      960107     82.69      6.67    303.64     22.89       4
      960108     50.01     16.93    186.14     59.53       3
      960109     23.04     11.11     88.13     41.32       3
      960110      3.68   -999.00     14.42   -999.00       1
      960111   -999.00   -999.00   -999.00   -999.00       0
      960112   -999.00   -999.00   -999.00   -999.00       0
      960113   -999.00   -999.00   -999.00   -999.00       0
      960114   -999.00   -999.00   -999.00   -999.00       0
      960115   -999.00   -999.00   -999.00   -999.00       0
      960116   -999.00   -999.00   -999.00   -999.00       0
      960117   -999.00   -999.00   -999.00   -999.00       0
      960118   -999.00   -999.00   -999.00   -999.00       0
      960119   -999.00   -999.00   -999.00   -999.00       0
      960120   -999.00   -999.00   -999.00   -999.00       0
      960121      5.41      0.03     21.87      0.13       2
      960122   -999.00   -999.00   -999.00   -999.00       0
      960123   -999.00   -999.00   -999.00   -999.00       0
      960124      1.28      0.20      5.19      0.81       3
      960125      2.18      0.22      8.82      0.90       3
      960126      3.51      0.53     14.19      2.12       3
      960127      4.99   -999.00     20.15   -999.00       1
      960128   -999.00   -999.00   -999.00   -999.00       0
      960129   -999.00   -999.00   -999.00   -999.00       0
      960130      6.33      3.05     25.10     11.62       2
      960131      6.83      3.30     26.50     12.29       5
      960201     15.99      7.05     59.10     25.05       5
      960202      2.51      2.08      9.60      7.78       4
      960203      2.15   -999.00      8.68   -999.00       1
      960204   -999.00   -999.00   -999.00   -999.00       0
      960205   -999.00   -999.00   -999.00   -999.00       0
      960206   -999.00   -999.00   -999.00   -999.00       0
      960207   -999.00   -999.00   -999.00   -999.00       0
      960208   -999.00   -999.00   -999.00   -999.00       0
      960209   -999.00   -999.00   -999.00   -999.00       0
      960210   -999.00   -999.00   -999.00   -999.00       0
      960211   -999.00   -999.00   -999.00   -999.00       0
      960212   -999.00   -999.00   -999.00   -999.00       0
      960213   -999.00   -999.00   -999.00   -999.00       0
      960214   -999.00   -999.00   -999.00   -999.00       0
      960215      5.83   -999.00     23.54   -999.00       1
      960216   -999.00   -999.00   -999.00   -999.00       0
      960217   -999.00   -999.00   -999.00   -999.00       0
      960218   -999.00   -999.00   -999.00   -999.00       0
      960219      0.85      0.06      3.44      0.23       3
      960220      7.53      2.05     28.61      7.66       3
      960221      8.42      4.96     32.35     18.32       3
      960222      7.45      4.68     29.68     18.35       2
      960223      9.33      8.97     36.90     34.65       4
      960224     25.68      5.58     97.97     19.69       3
      960225     25.97      5.67     97.75     20.62       4
      960226     13.13      6.88     50.02     25.45       4
      960227      2.75      1.65     10.95      6.38       4
      960228   -999.00   -999.00   -999.00   -999.00       0
      960229      9.39      6.50     37.09     24.51       4
      960301   -999.00   -999.00   -999.00   -999.00       0
      960302   -999.00   -999.00   -999.00   -999.00       0
      960303   -999.00   -999.00   -999.00   -999.00       0
      960304   -999.00   -999.00   -999.00   -999.00       0
      960305   -999.00   -999.00   -999.00   -999.00       0
      960306     12.91      2.16     51.10      8.15       2
      960307   -999.00   -999.00   -999.00   -999.00       0
      960308   -999.00   -999.00   -999.00   -999.00       0
      960309   -999.00   -999.00   -999.00   -999.00       0
      960310   -999.00   -999.00   -999.00   -999.00       0
      960311     17.26     13.18     66.57     50.10       2
      960312     42.06      9.55    156.21     34.33       3
      960313     52.53     20.18    194.22     72.15       3
      960314     42.13      4.04    157.72     14.55       3
      960315     36.09      3.69    135.72     13.34       3
      960316     20.33      7.62     77.70     28.30       5
      960317      9.23      5.64     35.87     21.16       5
      960318      2.52      0.21     10.18      0.87       4
      960319      1.57      0.45      6.35      1.82       3
      960320   -999.00   -999.00   -999.00   -999.00       0
      960321      6.48      3.15     25.79     12.06       3
      960322     44.13     29.95    163.12    108.46       3
      960323     72.16      5.80    264.14     20.41       4
      960324     63.22     10.93    232.40     38.83       5
      960325     50.66      8.84    187.02     31.58       5
      960326     58.83     15.52    220.44     56.01       5
      960327     38.11      8.41    143.93     31.36       4
      960328     15.41      8.17     58.92     30.39       5
      960329      1.49      0.83      5.72      3.05       3
      960330   -999.00   -999.00   -999.00   -999.00       0
      960331   -999.00   -999.00   -999.00   -999.00       0
      960401      6.31      2.35     25.01      8.92       4
      960402      5.72      2.53     22.57      9.72       3
      960403      4.30      1.60     16.74      5.92       3
      960404      2.58      2.50      9.93      9.42       2
      960405   -999.00   -999.00   -999.00   -999.00       0
      960406   -999.00   -999.00   -999.00   -999.00       0
      960407   -999.00   -999.00   -999.00   -999.00       0
      960408   -999.00   -999.00   -999.00   -999.00       0
      960409   -999.00   -999.00   -999.00   -999.00       0
      960410   -999.00   -999.00   -999.00   -999.00       0
      960411   -999.00   -999.00   -999.00   -999.00       0
      960412      7.84      0.51     30.75      2.01       2
      960413      4.77   -999.00     19.26   -999.00       1
      960414   -999.00   -999.00   -999.00   -999.00       0
      960415   -999.00   -999.00   -999.00   -999.00       0
      960416   -999.00   -999.00   -999.00   -999.00       0
      960417      7.29      3.08     28.89     11.65       2
      960418     15.70      7.39     61.35     28.05       3
      960419      8.80      6.33     33.95     23.98       4
      960420     14.99      3.68     57.27     13.48       4
      960421     26.51      5.60     96.33     19.51       4
      960422     19.36     17.50     69.13     61.06       4
      960423      1.21      1.30      4.50      4.77       2
      960424      4.37      1.86     17.32      7.04       2
      960425   -999.00   -999.00   -999.00   -999.00       0
      960426   -999.00   -999.00   -999.00   -999.00       0
      960427   -999.00   -999.00   -999.00   -999.00       0
      960428      3.91      0.16     15.82      0.64       3
      960429   -999.00   -999.00   -999.00   -999.00       0
      960430   -999.00   -999.00   -999.00   -999.00       0
      960501   -999.00   -999.00   -999.00   -999.00       0
      960502   -999.00   -999.00   -999.00   -999.00       0
      960503   -999.00   -999.00   -999.00   -999.00       0
      960504   -999.00   -999.00   -999.00   -999.00       0
      960505      5.49      0.03     22.17      0.12       2
      960506      8.90      4.44     35.16     16.75       4
      960507     12.31      7.83     45.71     29.16       3
      960508     27.88      8.70    101.87     31.14       4
      960509     48.86     23.01    177.58     81.47       5
      960510     61.45     22.28    224.57     78.82       5
      960511     87.50     10.44    317.99     37.68       5
      960512     74.08     17.77    271.88     63.62       5
      960513     66.51     17.95    244.35     63.39       5
      960514     45.09     22.59    167.10     81.10       4
      960515     16.91      3.36     64.83     12.48       4
      960516      9.48      3.83     36.60     14.34       5
      960517      3.48      1.64     13.67      6.25       5
      960518   -999.00   -999.00   -999.00   -999.00       0
      960519      1.32   -999.00      5.34   -999.00       1
      960520   -999.00   -999.00   -999.00   -999.00       0
      960521   -999.00   -999.00   -999.00   -999.00       0
      960522   -999.00   -999.00   -999.00   -999.00       0
      960523      1.59   -999.00      6.43   -999.00       1
      960524   -999.00   -999.00   -999.00   -999.00       0
      960525   -999.00   -999.00   -999.00   -999.00       0
      960526   -999.00   -999.00   -999.00   -999.00       0
      960527   -999.00   -999.00   -999.00   -999.00       0
      960528   -999.00   -999.00   -999.00   -999.00       0
      960529   -999.00   -999.00   -999.00   -999.00       0
      960530   -999.00   -999.00   -999.00   -999.00       0
      960531   -999.00   -999.00   -999.00   -999.00       0
      960601   -999.00   -999.00   -999.00   -999.00       0
      960602   -999.00   -999.00   -999.00   -999.00       0
      960603   -999.00   -999.00   -999.00   -999.00       0
      960604      4.59      0.37     18.53      1.48       5
      960605     17.95     11.23     70.03     43.17       3
      960606     31.73     10.61    120.29     38.75       3
      960607     54.89     19.80    203.08     70.46       4
      960608     54.34     11.98    200.53     42.96       5
      960609     44.65     11.67    166.18     43.11       4
      960610     18.76      8.82     70.51     32.39       3
      960611      7.78      2.93     29.71     11.00       5
      960612      0.78      0.43      3.10      1.65       3
      960613   -999.00   -999.00   -999.00   -999.00       0
      960614   -999.00   -999.00   -999.00   -999.00       0
      960615   -999.00   -999.00   -999.00   -999.00       0
      960616   -999.00   -999.00   -999.00   -999.00       0
      960617   -999.00   -999.00   -999.00   -999.00       0
      960618      4.23      0.04     17.11      0.18       2
      960619     30.31     29.26    109.39    101.88       5
      960620     16.84      4.44     62.01     15.80       5
      960621     82.41    124.95    287.01    422.77       5
      960622     41.27      4.79    152.36     16.98       5
      960623     57.04   -999.00    210.30   -999.00       1
      960624     49.27     18.19    183.81     66.22       5
      960625     59.09      7.67    220.57     27.72       3
      960626     49.81      7.79    187.57     28.29       4
      960627     53.16     10.57    200.93     40.06       4
      960628    120.75    171.07    426.90    586.93       4
      960629     20.69     12.32     79.38     44.92       5
      960630     15.72      5.70     60.27     20.80       3
      960701      2.05      1.53      7.73      5.74       5
      960702      7.04      3.01     28.12     11.47       4
      960703      6.04      0.08     24.39      0.34       3
      960704      4.64      0.02     18.73      0.09       2
      960705      5.08      0.16     20.54      0.65       2
      960706   -999.00   -999.00   -999.00   -999.00       0
      960707     18.50      6.39     71.25     23.71       5
      960708    128.88     39.19    460.11    134.68       4
      960709    213.01     21.33    745.34     71.48       2
      960710    168.73     28.60    587.28     97.71       4
      960711    103.40     10.69    360.61     36.03       5
      960712     44.25     21.61    156.07     75.32       4
      960713      2.78      3.20     10.51     11.90       2
      960714   -999.00   -999.00   -999.00   -999.00       0
      960715   -999.00   -999.00   -999.00   -999.00       0
      960716   -999.00   -999.00   -999.00   -999.00       0
      960717   -999.00   -999.00   -999.00   -999.00       0
      960718   -999.00   -999.00   -999.00   -999.00       0
      960719      2.31   -999.00      9.32   -999.00       1
      960720   -999.00   -999.00   -999.00   -999.00       0
      960721   -999.00   -999.00   -999.00   -999.00       0
      960722   -999.00   -999.00   -999.00   -999.00       0
      960723   -999.00   -999.00   -999.00   -999.00       0
      960724   -999.00   -999.00   -999.00   -999.00       0
      960725   -999.00   -999.00   -999.00   -999.00       0
      960726      6.07   -999.00     24.53   -999.00       1
      960727     17.58     14.74     62.17     50.46       5
      960728     61.96     25.91    217.01     88.47       4
      960729    112.31     30.51    392.84    104.26       5
      960730    186.00     44.57    647.59    151.78       5
      960731    221.43     28.50    771.96     95.55       4
      960801    189.83     10.15    669.30     35.04       5
      960802    208.27     21.18    733.35     72.07       5
      960803    188.63     36.38    665.60    123.84       5
      960804    128.83     39.44    458.41    135.82       5
      960805    261.64    334.67    883.48   1094.08       4
      960806     42.35      5.72    153.83     20.38       4
      960807     25.19      9.22     93.67     32.98       3
      960808      7.64      5.26     28.34     18.56       4
      960809     14.03      5.56     54.67     20.98       5
      960810     24.44      8.08     93.58     29.31       4
      960811     51.46     11.26    189.95     39.86       4
      960812     34.37     18.12    127.02     64.30       5
      960813     15.49      8.67     58.44     31.97       3
      960814     12.97      4.08     50.28     15.67       5
      960815     12.89      5.81     50.44     22.30       5
      960816      9.26      3.30     36.55     12.57       3
      960817      7.61      3.10     30.23     11.83       5
      960818      5.11   -999.00     20.65   -999.00       1
      960819      6.05      0.01     24.45      0.04       3
      960820      6.60      2.76     26.39     10.55       5
      960821      4.15   -999.00     16.76   -999.00       1
      960822      4.76      2.05     18.89      7.77       2
      960823      6.07      0.89     23.38      3.23       3
      960824     11.39      4.23     42.15     15.11       5
      960825     21.77      8.30     79.94     29.75       5
      960826    103.88    125.35    361.45    422.70       4
      960827     25.55      3.26     96.12     11.37       5
      960828     26.61      9.43    100.50     34.71       5
      960829     34.80     16.38    130.39     58.86       5
      960830     33.56      8.51    126.17     30.85       5
      960831     27.93     10.13    105.44     37.13       2
      960901     26.30     12.41     98.84     45.49       3
      960902      9.03      4.48     34.81     16.74       5
      960903      2.78      1.39     11.00      5.36       4
      960904   -999.00   -999.00   -999.00   -999.00       0
      960905   -999.00   -999.00   -999.00   -999.00       0
      960906   -999.00   -999.00   -999.00   -999.00       0
      960907      7.59      2.62     30.01     10.00       5
      960908      4.75   -999.00     19.19   -999.00       1
      960909   -999.00   -999.00   -999.00   -999.00       0
      960910   -999.00   -999.00   -999.00   -999.00       0
      960911      4.50      0.02     18.16      0.07       2
      960912   -999.00   -999.00   -999.00   -999.00       0
      960913   -999.00   -999.00   -999.00   -999.00       0
      960914   -999.00   -999.00   -999.00   -999.00       0
      960915   -999.00   -999.00   -999.00   -999.00       0
      960916   -999.00   -999.00   -999.00   -999.00       0
      960917   -999.00   -999.00   -999.00   -999.00       0
      960918   -999.00   -999.00   -999.00   -999.00       0
      960919   -999.00   -999.00   -999.00   -999.00       0
      960920   -999.00   -999.00   -999.00   -999.00       0
      960921   -999.00   -999.00   -999.00   -999.00       0
      960922   -999.00   -999.00   -999.00   -999.00       0
      960923   -999.00   -999.00   -999.00   -999.00       0
      960924   -999.00   -999.00   -999.00   -999.00       0
      960925   -999.00   -999.00   -999.00   -999.00       0
      960926   -999.00   -999.00   -999.00   -999.00       0
      960927   -999.00   -999.00   -999.00   -999.00       0
      960928   -999.00   -999.00   -999.00   -999.00       0
      960929   -999.00   -999.00   -999.00   -999.00       0
      960930   -999.00   -999.00   -999.00   -999.00       0
      961001   -999.00   -999.00   -999.00   -999.00       0
      961002   -999.00   -999.00   -999.00   -999.00       0
      961003   -999.00   -999.00   -999.00   -999.00       0
      961004   -999.00   -999.00   -999.00   -999.00       0
      961005   -999.00   -999.00   -999.00   -999.00       0
      961006   -999.00   -999.00   -999.00   -999.00       0
      961007   -999.00   -999.00   -999.00   -999.00       0
      961008   -999.00   -999.00   -999.00   -999.00       0
      961009   -999.00   -999.00   -999.00   -999.00       0
      961010   -999.00   -999.00   -999.00   -999.00       0
      961011   -999.00   -999.00   -999.00   -999.00       0
      961012   -999.00   -999.00   -999.00   -999.00       0
      961013   -999.00   -999.00   -999.00   -999.00       0
      961014   -999.00   -999.00   -999.00   -999.00       0
      961015   -999.00   -999.00   -999.00   -999.00       0
      961016   -999.00   -999.00   -999.00   -999.00       0
      961017   -999.00   -999.00   -999.00   -999.00       0
      961018   -999.00   -999.00   -999.00   -999.00       0
      961019   -999.00   -999.00   -999.00   -999.00       0
      961020   -999.00   -999.00   -999.00   -999.00       0
      961021   -999.00   -999.00   -999.00   -999.00       0
      961022   -999.00   -999.00   -999.00   -999.00       0
      961023   -999.00   -999.00   -999.00   -999.00       0
      961024   -999.00   -999.00   -999.00   -999.00       0
      961025      4.94      0.19     19.97      0.78       2
      961026     10.00      0.15     39.25      0.59       2
      961027      4.49   -999.00     18.14   -999.00       1
      961028   -999.00   -999.00   -999.00   -999.00       0
      961029   -999.00   -999.00   -999.00   -999.00       0
      961030   -999.00   -999.00   -999.00   -999.00       0
      961031   -999.00   -999.00   -999.00   -999.00       0
      961101   -999.00   -999.00   -999.00   -999.00       0
      961102   -999.00   -999.00   -999.00   -999.00       0
      961103   -999.00   -999.00   -999.00   -999.00       0
      961104   -999.00   -999.00   -999.00   -999.00       0
      961105   -999.00   -999.00   -999.00   -999.00       0
      961106   -999.00   -999.00   -999.00   -999.00       0
      961107   -999.00   -999.00   -999.00   -999.00       0
      961108   -999.00   -999.00   -999.00   -999.00       0
      961109   -999.00   -999.00   -999.00   -999.00       0
      961110      4.89      1.45     19.75      5.86       3
      961111      7.48      2.54     29.98     10.00       5
      961112      6.22      0.82     24.12      2.46       3
      961113      5.38      3.67     20.97     13.99       3
      961114      3.59   -999.00     14.52   -999.00       1
      961115      8.57   -999.00     34.61   -999.00       1
      961116     14.21     11.47     56.27     44.39       3
      961117      8.27      6.93     32.86     26.90       4
      961118      4.83      0.60     19.51      2.44       2
      961119      5.81   -999.00     23.48   -999.00       1
      961120      6.13   -999.00     24.75   -999.00       1
      961121     11.84      5.05     46.07     19.61       4
      961122     91.43     61.60    327.60    202.53       5
      961123    155.43     41.97    560.76    146.10       4
      961124    227.22     96.27    805.98    330.56       5
      961125    678.21    145.09   2306.54    477.38       4
      961126    589.97     95.33   2012.87    314.60       4
      961127    575.81     70.95   1955.34    231.67       4
      961128    404.65     20.43   1384.14     72.01       3
      961129    267.78     44.85    920.10    149.39       3
      961130    154.24     57.21    532.72    192.95       5
      961201     73.70     31.85    256.06    109.97       4
      961202      8.12     11.29     29.06     39.89       3
      961203   -999.00   -999.00   -999.00   -999.00       0
      961204   -999.00   -999.00   -999.00   -999.00       0
      961205   -999.00   -999.00   -999.00   -999.00       0
      961206   -999.00   -999.00   -999.00   -999.00       0
      961207      4.08      0.14     16.47      0.55       2
      961208      8.28      4.91     32.50     18.57       4
      961209     26.63     12.02    100.33     44.04       4
      961210     18.34     11.80     70.03     43.59       2
      961211     51.40     39.82    188.02    142.63       3
      961212     51.31     13.03    189.02     46.13       3
      961213     54.18     13.74    198.67     48.76       5
      961214     49.19     18.73    180.80     66.04       3
      961215     54.13      9.05    199.53     32.02       2
      961216     36.87     12.48    138.32     44.85       5
      961217     59.33     33.35    220.61    121.22       5
      961218    108.96     94.46    391.93    328.53       3
      961219     59.16     15.61    216.60     54.80       5
      961220     22.66     10.25     85.22     37.15       3
      961221     26.43      8.06    100.00     29.91       3
      961222     15.74      5.34     59.92     19.73       4
      961223      3.89      1.30     14.97      5.22       4
      961224   -999.00   -999.00   -999.00   -999.00       0
      961225   -999.00   -999.00   -999.00   -999.00       0
      961226   -999.00   -999.00   -999.00   -999.00       0
      961227   -999.00   -999.00   -999.00   -999.00       0
      961228   -999.00   -999.00   -999.00   -999.00       0
      961229   -999.00   -999.00   -999.00   -999.00       0
      961230   -999.00   -999.00   -999.00   -999.00       0
      961231   -999.00   -999.00   -999.00   -999.00       0
