Tue Dec  2 10:03:54 2014   calc_USAF_spotindex_Nov12.pro
SSB:2005 AREA-DEP & AREA-INDEP CONTRASTS & SDEVS: BOL EXCESS=0.324
       50101    110.38     52.53    397.62    182.76       3
       50102     86.01     38.26    314.57    132.73       2
       50103    108.88   -999.00    401.88   -999.00       1
       50104     27.12      3.24    103.07     11.76       3
       50105     14.28      7.12     55.86     27.64       3
       50106     13.36      4.42     51.89     17.00       3
       50107      7.42      0.82     29.28      2.34       2
       50108     11.32      5.20     42.11     18.87       3
       50109     26.80     19.82     98.76     71.62       3
       50110     53.51     19.85    197.91     71.75       3
       50111     62.71   -999.00    234.56   -999.00       1
       50112    228.61    123.62    809.03    427.09       3
       50113    533.80    277.06   1832.02    921.83       2
       50114   1132.23     95.17   3804.46    300.02       2
       50115   1380.58    116.05   4630.25    361.19       3
       50116   1321.39     96.40   4423.33    308.94       3
       50117    975.65     10.56   3275.58     39.01       2
       50118    749.44     48.11   2517.41    159.43       3
       50119    443.13    140.32   1498.80    454.70       2
       50120    353.81     59.70   1197.86    200.67       3
       50121    214.82     47.88    763.44    153.26       2
       50122    225.00   -999.00    805.74   -999.00       1
       50123     93.16     11.69    343.42     43.11       3
       50124     56.07     13.05    209.59     47.42       3
       50125     90.21      4.28    334.11     16.40       2
       50126    114.04     71.11    417.71    252.38       2
       50127    108.38   -999.00    399.91   -999.00       1
       50128     66.63     15.05    248.59     55.91       2
       50129     45.24     11.34    169.06     40.67       3
       50130     63.30     14.93    234.08     53.62       2
       50131     80.95     30.23    299.40    107.02       3
       50201     62.05      3.10    230.89     12.15       2
       50202     46.63     22.12    174.18     80.35       3
       50203     11.98      1.01     47.01      3.92       3
       50204     12.10      1.15     47.22      4.17       2
       50205      7.88   -999.00     31.13   -999.00       1
       50206     43.40     29.50    163.49    109.16       3
       50207     47.40     19.44    178.51     71.94       3
       50208     80.50     22.22    296.58     79.75       3
       50209    135.30     50.89    493.67    181.40       2
       50210    171.20     22.82    619.79     83.08       2
       50211    295.99     31.38   1055.05     98.63       2
       50212    324.35     39.88   1160.61    151.56       2
       50213    383.66     14.12   1367.69     43.74       3
       50214    479.07     15.30   1698.00     40.63       2
       50215    455.76     17.65   1614.63     66.29       2
       50216    480.28    101.14   1693.96    349.01       2
       50217    411.68    120.06   1449.37    405.71       2
       50218    307.65     62.61   1082.58    216.05       2
       50219    230.46     65.52    811.64    233.43       3
       50220    164.00     50.42    573.63    176.41       3
       50221     91.04     23.97    324.11     82.23       3
       50222     45.39     23.47    161.34     82.70       3
       50223     16.97     14.17     65.03     54.29       3
       50224     16.90     11.50     64.49     42.58       2
       50225     13.32   -999.00     51.42   -999.00       1
       50226     11.38      8.69     43.70     32.75       2
       50227      8.55      6.59     33.77     25.55       2
       50228      4.42   -999.00     17.86   -999.00       1
       50301      5.46   -999.00     22.07   -999.00       1
       50302      9.74      6.80     38.30     25.64       3
       50303      8.23      3.37     32.63     12.73       2
       50304      7.22      3.93     26.54     13.95       2
       50305     20.00      3.04     73.29     11.14       2
       50306     19.33      5.86     72.34     20.30       2
       50307     29.29      1.31    110.02      5.84       3
       50308     32.51     16.14    122.22     59.93       3
       50309     96.99     24.62    354.68     87.51       3
       50310    171.62     65.97    619.29    233.26       3
       50311    223.29     10.42    804.32     38.28       3
       50312    294.78     23.73   1051.05     80.96       2
       50313    381.14     32.51   1348.34    112.82       3
       50314    399.12     58.30   1410.83    199.79       3
       50315    402.40     88.38   1421.37    310.36       3
       50316    311.41    155.70   1099.03    541.84       3
       50317    241.40     26.10    854.70     89.16       3
       50318    169.77     34.42    600.41    119.34       3
       50319    152.50     31.53    534.13    109.51       2
       50320    104.43     31.21    377.48    108.56       3
       50321     77.81     37.50    285.08    133.69       3
       50322     65.73     34.07    243.95    123.05       3
       50323     96.20     32.21    354.54    116.52       3
       50324     92.03     34.91    342.32    126.03       3
       50325    177.57   -999.00    647.01   -999.00       1
       50326     80.24      4.37    298.83     15.56       2
       50327     65.34     20.50    243.20     73.57       2
       50328     31.52      0.37    117.93      0.87       2
       50329     12.15      2.03     46.57      7.42       2
       50330      5.07   -999.00     19.89   -999.00       1
       50331      7.77      9.29     30.19     35.83       2
       50401     10.21      9.78     39.75     37.84       3
       50402     45.83     40.27    170.97    146.72       3
       50403     52.25     11.48    196.84     41.01       2
       50404     81.44     11.58    302.34     42.23       2
       50405     72.06      8.97    266.97     33.06       2
       50406     50.76     16.78    190.14     61.16       3
       50407     61.71      7.27    228.51     25.68       3
       50408     78.34     34.91    287.96    124.02       3
       50409     75.77     10.05    280.57     35.21       2
       50410     49.65     10.49    186.63     38.49       3
       50411     57.87     15.06    213.89     53.56       3
       50412     60.46     11.68    224.14     41.45       2
       50413     74.77     20.90    277.81     74.21       3
       50414     79.04     16.80    291.91     61.17       3
       50415    100.22     22.39    370.67     80.14       3
       50416     75.31      5.08    282.38     19.56       3
       50417     91.67     21.99    338.64     75.80       3
       50418     93.25      2.87    345.58      8.22       3
       50419     81.60     13.53    302.85     48.43       3
       50420     60.23     16.12    226.37     61.26       3
       50421     36.40     32.59    135.35    116.66       3
       50422     17.09      8.78     65.46     33.09       3
       50423      8.53      7.03     32.61     26.87       3
       50424      5.51   -999.00     20.13   -999.00       1
       50425     37.46     24.07    132.59     80.84       2
       50426    113.33     13.19    391.84     42.53       3
       50427    268.33     51.65    916.37    179.13       2
       50428    456.31     93.02   1556.67    307.96       2
       50429    571.22     50.81   1951.51    165.77       2
       50430    671.74    106.50   2290.23    348.56       3
       50501    670.06    256.18   2287.58    839.97       2
       50502    568.87    160.93   1948.37    531.94       2
       50503    486.76     90.21   1667.96    299.86       3
       50504    392.92     18.25   1350.26     61.33       2
       50505    265.21      8.86    921.27     28.80       2
       50506    249.13     27.91    869.19     90.45       2
       50507    116.54     44.51    419.23    153.99       2
       50508    137.66      4.80    494.96     16.65       3
       50509    284.11     75.67   1000.07    262.81       3
       50510    300.79     49.95   1070.34    176.38       2
       50511    549.81    129.90   1918.15    426.62       2
       50512    480.08    162.63   1692.21    543.01       3
       50513    449.39     82.69   1584.69    279.22       3
       50514    354.66     20.41   1260.20     71.86       3
       50515    305.93     18.19   1091.61     63.34       3
       50516    308.63     56.08   1097.13    193.82       3
       50517    196.48     26.67    705.69     94.04       3
       50518    162.65     23.83    583.92     82.27       2
       50519     49.20     18.25    177.68     65.02       3
       50520      8.67      5.01     32.68     19.13       3
       50521      8.78   -999.00     34.05   -999.00       1
       50522     21.15     14.92     79.06     54.58       3
       50523     28.22     14.28    105.13     51.41       3
       50524     63.18     13.80    232.24     50.80       3
       50525     88.98     21.18    326.20     75.13       3
       50526     99.95     48.53    367.77    171.81       3
       50527    168.67     80.72    605.46    275.78       2
       50528    219.41     39.04    777.65    130.71       3
       50529    141.29     47.54    510.18    166.84       3
       50530    162.56     42.37    588.64    151.27       3
       50531    109.43     34.24    405.70    121.19       2
       50601    109.78     35.05    402.74    126.18       2
       50602     91.81     22.47    335.06     77.22       3
       50603    114.01     37.69    416.78    135.10       3
       50604    190.99     35.17    689.45    125.88       2
       50605    152.37     16.76    557.90     60.35       2
       50606    268.87     39.33    975.79    141.49       3
       50607    375.43     99.69   1342.78    345.41       3
       50608    529.37     24.42   1862.74     79.18       3
       50609    625.64    106.80   2181.60    363.50       3
       50610    664.91    195.26   2318.96    658.66       3
       50611    670.20    227.68   2329.34    768.27       3
       50612    540.45    125.42   1885.78    424.67       3
       50613    360.67     74.96   1266.93    256.88       3
       50614    244.02     48.05    860.22    165.88       3
       50615    220.46     69.34    789.05    241.02       3
       50616    224.69     60.45    797.38    207.98       3
       50617    211.02     48.32    743.98    165.56       2
       50618    276.02     33.37    961.54    115.13       3
       50619    230.41     26.60    804.67     89.43       3
       50620    136.69     26.40    487.00     92.92       3
       50621    113.76     29.29    410.83    101.86       3
       50622     66.20     12.94    243.23     45.31       3
       50623     20.67     13.33     79.99     50.06       3
       50624      5.44      0.36     21.99      1.45       2
       50625      6.92      3.88     27.39     14.90       2
       50626   -999.00   -999.00   -999.00   -999.00       0
       50627      2.99   -999.00     11.20   -999.00       1
       50628     11.79     10.33     44.41     39.02       3
       50629     24.82     21.22     93.69     80.02       2
       50630    145.75     17.73    539.44     63.37       3
       50701    255.46     55.94    929.53    196.02       3
       50702    594.38     98.73   2104.31    330.42       3
       50703    732.11     84.21   2577.83    280.94       3
       50704    585.27     53.88   2068.34    192.21       3
       50705    679.84    199.00   2387.26    670.77       3
       50706    561.39     69.69   1981.83    240.70       3
       50707    642.14    214.66   2251.89    728.35       3
       50708    581.72     65.06   2050.45    217.16       3
       50709    379.45   -999.00   1355.68   -999.00       1
       50710    293.88   -999.00   1050.90   -999.00       1
       50711    169.77     56.15    614.91    192.24       2
       50712    124.53   -999.00    452.08   -999.00       1
       50713     64.40     18.94    235.65     69.59       3
       50714     31.42     18.27    119.56     67.56       3
       50715     31.11      9.93    115.70     35.36       3
       50716     19.72      9.90     70.40     34.76       3
       50717      3.38   -999.00     12.70   -999.00       1
       50718   -999.00   -999.00   -999.00   -999.00       0
       50719   -999.00   -999.00   -999.00   -999.00       0
       50720   -999.00   -999.00   -999.00   -999.00       0
       50721   -999.00   -999.00   -999.00   -999.00       0
       50722     19.89   -999.00     75.85   -999.00       1
       50723     20.76     10.36     77.37     36.68       3
       50724     42.79      5.26    156.95     18.81       3
       50725     72.64     17.80    264.95     61.88       3
       50726    104.43     10.04    377.57     35.58       3
       50727     87.43     20.26    318.11     70.95       3
       50728     81.73      9.95    298.14     34.94       3
       50729    108.38     17.21    395.11     59.10       3
       50730    179.37     46.02    642.13    159.19       3
       50731    224.11     56.78    797.20    194.60       3
       50801    258.84     33.28    921.20    110.51       3
       50802    283.26     11.62   1010.28     37.42       3
       50803    302.33     46.23   1084.19    166.16       2
       50804    260.42     65.10    940.72    230.20       3
       50805    287.53     35.68   1036.42    124.66       3
       50806    246.38     26.29    891.91     91.16       3
       50807    187.38     68.35    684.42    242.16       3
       50808    141.76      9.84    521.70     34.46       3
       50809     98.48     43.25    361.53    154.83       3
       50810     47.44     16.73    175.70     63.10       3
       50811     36.22      5.16    134.12     18.39       3
       50812     26.15      2.65     98.12      9.46       2
       50813     34.23      1.76    127.06      5.88       3
       50814     97.59   -999.00    351.67   -999.00       1
       50815     95.36     25.61    346.75     89.10       3
       50816    103.68     25.93    376.14     89.88       2
       50817     68.43     18.32    254.16     65.01       2
       50818     52.98     28.91    198.79    107.67       3
       50819    141.28     39.02    516.38    134.26       2
       50820    322.13     34.58   1127.58    118.74       3
       50821    268.07     23.35    934.04     83.50       3
       50822    290.90     39.58   1015.24    136.52       3
       50823    237.25     25.91    833.58     90.82       3
       50824    163.42      3.03    585.91     10.33       3
       50825    148.57     24.39    536.54     84.00       3
       50826    104.56     24.75    381.65     86.43       3
       50827     78.97     29.88    292.37    108.63       3
       50828     81.84      8.16    303.59     28.37       3
       50829     70.15     13.85    263.22     50.93       3
       50830     68.54      4.97    259.45     18.34       3
       50831     56.89     11.76    216.93     43.93       2
       50901     45.27      1.04    170.41      3.88       2
       50902     39.97      5.77    149.76     20.32       3
       50903     34.06      6.66    128.03     23.98       3
       50904     27.96     25.33    104.82     92.45       2
       50905     17.09      7.74     64.99     28.56       3
       50906      9.38      0.27     35.97      1.33       2
       50907     11.34     11.87     41.37     42.59       2
       50908     54.22     40.98    189.31    137.94       3
       50909    274.74     59.54    920.71    193.83       3
       50910    394.64     40.93   1328.43    127.81       3
       50911    388.70    120.23   1324.36    401.53       3
       50912    491.88    108.79   1670.56    358.47       3
       50913    545.65    108.06   1857.14    362.35       2
       50914    678.58     49.77   2289.79    160.92       3
       50915    568.69    118.78   1927.47    389.93       3
       50916    367.44    129.55   1257.00    431.24       3
       50917    181.42     34.29    631.78    117.47       3
       50918    119.87     36.03    421.69    123.96       3
       50919     85.56      2.32    305.88      9.90       3
       50920    109.65      2.04    389.08      6.03       2
       50921    119.83      1.72    428.14      5.51       3
       50922    145.50     26.13    518.98     90.35       3
       50923    161.13     21.18    574.08     73.27       3
       50924    133.81     13.99    480.72     49.18       3
       50925     95.48     28.73    346.26     99.46       3
       50926     79.78     34.54    291.89    122.63       3
       50927     68.86     12.95    250.40     46.32       3
       50928     40.23      5.62    148.34     19.56       3
       50929     19.21      7.44     72.82     27.24       3
       50930     17.92      8.08     70.32     31.72       2
       51001     11.79   -999.00     46.25   -999.00       1
       51002   -999.00   -999.00   -999.00   -999.00       0
       51003     10.90   -999.00     42.06   -999.00       1
       51004     40.89     25.94    151.21     92.27       3
       51005     80.43     10.48    291.67     36.43       3
       51006     73.24      8.19    267.42     28.69       2
       51007     85.77     14.93    313.84     49.42       2
       51008     50.54     23.04    187.89     83.97       2
       51009     17.89      5.27     68.54     19.64       2
       51010     23.19     15.43     90.28     60.65       2
       51011     19.39      9.98     76.78     40.15       2
       51012     16.86     17.39     65.36     66.34       2
       51013      5.23   -999.00     21.11   -999.00       1
       51014      2.74      2.29     10.34      8.51       2
       51015     12.23      9.12     45.39     33.19       3
       51016     13.38      4.97     50.61     18.22       3
       51017     18.30      8.05     69.42     29.54       3
       51018     14.09      3.23     54.59     12.08       3
       51019     27.97      9.44    108.79     35.83       3
       51020     12.74      6.60     49.81     24.93       3
       51021     10.32      7.72     40.54     29.18       3
       51022      7.82      5.55     30.90     21.47       2
       51023      4.43   -999.00     17.89   -999.00       1
       51024   -999.00   -999.00   -999.00   -999.00       0
       51025   -999.00   -999.00   -999.00   -999.00       0
       51026      4.91   -999.00     19.27   -999.00       1
       51027   -999.00   -999.00   -999.00   -999.00       0
       51028   -999.00   -999.00   -999.00   -999.00       0
       51029      1.17   -999.00      4.71   -999.00       1
       51030     10.65      6.54     40.59     24.07       3
       51031     25.84      6.82     99.28     25.70       3
       51101     39.52      1.18    151.05      4.40       3
       51102     42.59      1.64    162.96      5.86       2
       51103     18.48     17.62     72.24     67.78       2
       51104     21.61   -999.00     85.87   -999.00       1
       51105     21.22      4.88     81.50     17.88       3
       51106     30.48      7.02    113.81     25.34       3
       51107     30.68      0.65    117.25      0.29       2
       51108     27.81     12.52    105.92     44.65       2
       51109      2.77      1.37     10.70      5.25       3
       51110   -999.00   -999.00   -999.00   -999.00       0
       51111   -999.00   -999.00   -999.00   -999.00       0
       51112      1.84   -999.00      6.72   -999.00       1
       51113     10.70      2.74     39.06     10.02       2
       51114    123.99      3.38    425.90     12.87       2
       51115    275.80     64.04    939.63    211.98       2
       51116    394.62      3.67   1345.45     17.48       2
       51117    394.29     59.51   1353.19    199.28       3
       51118    466.74     10.06   1598.45     31.53       2
       51119    440.17     29.47   1517.47     99.37       3
       51120    399.70     13.94   1383.94     44.69       3
       51121    299.82     33.17   1043.77    114.98       2
       51122    258.58   -999.00    901.77   -999.00       1
       51123    137.81      6.78    491.18     22.48       2
       51124     75.21     19.18    275.26     71.94       3
       51125     54.94      9.18    206.72     34.40       2
       51126     48.29      7.19    180.91     28.19       3
       51127     42.81     11.93    160.53     44.56       3
       51128     40.78      9.61    152.61     34.67       2
       51129     27.21      3.48    102.62     13.81       2
       51130     41.99   -999.00    159.36   -999.00       1
       51201    173.45   -999.00    629.26   -999.00       1
       51202    373.78     74.96   1312.01    262.89       2
       51203    343.68      9.38   1218.94     31.88       2
       51204    331.16     49.19   1176.86    180.76       2
       51205    223.57   -999.00    810.23   -999.00       1
       51206    125.10      1.92    458.55      4.59       2
       51207     51.91   -999.00    194.12   -999.00       1
       51208     61.31     23.27    228.51     84.87       2
       51209     59.13   -999.00    223.06   -999.00       1
       51210     71.30      3.60    264.92     13.91       2
       51211     70.13   -999.00    258.71   -999.00       1
       51212     89.99      3.53    328.70     14.33       2
       51213    150.54     32.97    548.25    117.22       2
       51214    167.00     37.00    611.89    130.23       2
       51215    182.67     33.57    666.23    118.07       2
       51216    131.11      0.01    482.99      1.25       2
       51217    122.23     14.92    450.35     53.88       3
       51218    121.03      7.69    446.68     29.97       2
       51219    193.01     45.40    700.09    158.92       3
       51220    169.63     33.39    610.61    116.66       3
       51221     98.30     10.52    359.59     35.04       3
       51222     79.79     31.89    296.86    115.01       2
       51223    130.19      8.19    475.43     28.15       3
       51224     98.53     16.72    362.05     59.02       3
       51225     89.76      2.25    334.07      8.86       3
       51226    134.74     43.79    499.18    158.60       2
       51227    107.73     27.20    403.54     98.22       3
       51228    113.52     18.03    424.01     63.94       3
       51229    143.01     14.13    529.04     48.49       2
       51230    111.44     15.11    416.54     55.76       3
       51231    120.83      5.27    444.36     16.66       2
