Tue Dec  2 10:03:32 2014   calc_USAF_spotindex_Nov12.pro
SSB:1994 AREA-DEP & AREA-INDEP CONTRASTS & SDEVS: BOL EXCESS=0.324
      940101    575.35    200.06   1993.01    675.05       4
      940102    686.32    219.88   2379.40    743.70       5
      940103    954.35    107.53   3290.17    357.93       5
      940104    911.65    467.06   3143.56   1539.12       6
      940105    720.11    103.14   2510.36    348.69       4
      940106    738.54    276.79   2559.03    921.01       4
      940107    496.21    107.91   1745.46    366.48       6
      940108    326.63    107.81   1161.80    372.07       5
      940109    293.69     23.24   1046.86     80.12       4
      940110    755.81    903.81   2530.91   2908.61       4
      940111    203.47     38.89    730.27    134.59       4
      940112    149.25     41.71    538.28    142.57       4
      940113    122.10     19.85    444.12     72.03       5
      940114     56.54     36.75    206.48    130.05       5
      940115     15.78     10.79     59.00     39.31       4
      940116     68.05     30.21    243.51    103.17       3
      940117    142.85     59.02    500.88    202.00       4
      940118    220.52     71.33    773.08    242.93       4
      940119    323.71     38.90   1128.78    134.28       3
      940120    401.42     36.97   1402.12    125.84       4
      940121    458.26     39.56   1607.04    135.54       4
      940122    526.34     95.99   1839.35    326.60       4
      940123    460.89     84.82   1615.05    287.44       4
      940124    415.40     89.77   1462.03    304.13       5
      940125    425.84     70.68   1497.38    241.98       5
      940126    366.23     54.50   1291.60    185.77       3
      940127    173.43     43.41    622.43    150.91       3
      940128     82.36     44.73    304.54    158.66       5
      940129     29.66      7.68    115.85     30.93       3
      940130     45.19     11.59    172.96     42.69       4
      940131     82.60     48.66    303.46    170.14       4
      940201     53.13     28.31    199.97    102.16       5
      940202     57.41     25.40    217.48     92.74       4
      940203     71.83     11.23    269.47     39.75       5
      940204    108.98     12.07    406.67     43.36       5
      940205     91.57     34.06    342.10    124.45       4
      940206    120.79     24.98    450.10     89.80       4
      940207    126.72     35.23    467.91    125.89       4
      940208    115.86     17.98    429.20     67.13       3
      940209    174.01     43.70    627.07    152.40       5
      940210    215.98     75.32    766.55    256.59       5
      940211    171.02     34.86    612.36    120.13       4
      940212    127.53     27.84    461.69     96.84       4
      940213    222.26    333.79    772.87   1129.09       4
      940214     76.99     18.43    278.89     62.49       3
      940215    121.10     33.02    428.96    113.86       4
      940216    191.68     38.38    678.01    131.56       4
      940217    242.74      4.31    857.28     20.51       3
      940218    237.66     40.76    836.48    139.41       4
      940219    213.53     45.83    752.64    157.04       5
      940220    171.95     46.71    609.39    160.47       4
      940221    159.82     50.07    565.34    171.72       2
      940222    163.84     39.13    585.94    132.30       3
      940223    127.23     50.94    457.53    178.48       3
      940224     63.41      1.11    233.39      1.83       2
      940225     51.03     25.44    189.67     89.78       3
      940226     43.55     17.50    165.54     63.05       4
      940227     47.33      6.44    179.83     25.00       5
      940228    112.33     49.56    415.18    178.61       3
      940301    112.49     57.36    417.27    204.49       5
      940302    112.04     26.39    420.49     94.70       6
      940303    109.53     24.26    409.29     86.79       4
      940304     98.93     28.27    365.92    106.70       4
      940305     72.43     14.18    272.54     52.05       3
      940306    103.48     12.63    388.78     47.47       6
      940307    117.79     65.12    437.66    233.09       3
      940308     62.82     20.93    237.53     77.58       3
      940309     73.95     12.34    275.82     45.18       4
      940310     39.07     17.72    146.29     64.51       6
      940311     29.32      8.66    111.00     32.00       5
      940312     51.84     15.87    192.96     57.24       5
      940313     52.89     13.24    195.84     47.21       6
      940314     60.79     21.93    221.34     76.43       5
      940315     54.86     16.22    203.61     58.25       5
      940316     71.59     24.50    263.18     86.86       3
      940317     53.72     18.82    200.46     67.64       5
      940318     28.44      3.15    108.85     11.97       5
      940319     27.44     11.96    103.22     43.06       6
      940320     21.33      4.46     81.30     16.36       4
      940321     41.35     12.07    156.81     44.38       4
      940322     44.54     21.28    167.35     77.20       5
      940323     28.75      5.61    109.48     21.06       4
      940324     18.02      9.22     69.89     34.87       4
      940325     27.51      2.80    108.14     11.11       6
      940326     20.45      6.22     80.49     24.06       5
      940327     19.23      3.00     74.26     11.46       4
      940328     32.18     11.65    121.20     42.37       6
      940329     40.67     14.96    152.07     53.89       4
      940330     32.75     18.40    126.41     68.45       5
      940331     45.51     18.76    170.80     68.10       3
      940401      9.33      6.17     36.57     23.84       6
      940402      5.35   -999.00     21.62   -999.00       1
      940403   -999.00   -999.00   -999.00   -999.00       0
      940404   -999.00   -999.00   -999.00   -999.00       0
      940405      6.16      0.02     24.91      0.07       2
      940406   -999.00   -999.00   -999.00   -999.00       0
      940407   -999.00   -999.00   -999.00   -999.00       0
      940408      1.29      0.81      5.05      3.06       6
      940409      3.55      1.06     13.80      3.96       5
      940410      9.41      5.75     36.00     21.41       3
      940411     10.94      5.49     42.23     20.58       4
      940412     17.49      4.36     67.13     16.16       6
      940413     21.51      6.90     82.20     25.35       6
      940414     14.41      7.94     55.89     29.75       5
      940415     22.27      4.87     83.40     17.07       5
      940416     30.99      5.99    112.84     21.78       6
      940417     41.48      4.03    151.21     13.78       5
      940418     58.11     10.90    213.05     39.12       6
      940419     70.15     16.91    259.49     62.08       6
      940420     94.58     16.99    348.78     62.49       5
      940421     90.53     11.87    338.60     43.52       5
      940422    109.96     28.19    409.37    101.49       6
      940423    130.82     10.39    482.96     38.78       5
      940424    147.29     31.70    539.70    106.76       2
      940425     52.66     13.46    198.77     49.90       4
      940426     42.48      9.46    160.92     34.73       5
      940427     24.94      6.08     96.30     22.19       5
      940428      9.66      4.35     37.25     16.93       4
      940429      6.62      3.83     25.60     15.16       4
      940430     14.17     11.78     56.24     45.98       5
      940501     21.28     10.64     84.32     40.70       5
      940502     32.41      8.11    126.33     30.18       5
      940503     16.52      5.42     65.09     21.55       4
      940504      9.25      5.42     36.95     21.28       5
      940505      9.87      5.78     38.89     21.85       5
      940506     18.30      4.44     72.44     17.71       4
      940507     19.00      6.15     72.54     22.71       4
      940508     20.37      3.88     79.03     14.34       4
      940509     12.58      0.20     49.35      0.78       3
      940510     13.80      1.09     54.08      4.19       3
      940511     15.60      9.30     59.32     34.18       5
      940512     50.25     31.27    181.54    112.84       5
      940513    116.98     25.92    418.35     92.48       5
      940514    140.64     22.75    501.77     80.06       5
      940515    197.51     36.88    699.22    126.46       5
      940516    258.74     34.12    910.27    118.84       5
      940517    272.28     32.60    960.71    112.07       5
      940518    290.89     34.75   1023.66    120.16       4
      940519    250.76     26.60    885.38     92.55       5
      940520    206.54      5.77    732.47     20.63       2
      940521    154.34     30.67    549.24    104.86       5
      940522     93.08     17.58    332.32     62.55       4
      940523     45.94     16.23    166.32     57.47       4
      940524     15.15   -999.00     53.79   -999.00       1
      940525      3.39      1.74     13.49      6.68       3
      940526   -999.00   -999.00   -999.00   -999.00       0
      940527   -999.00   -999.00   -999.00   -999.00       0
      940528   -999.00   -999.00   -999.00   -999.00       0
      940529   -999.00   -999.00   -999.00   -999.00       0
      940530   -999.00   -999.00   -999.00   -999.00       0
      940531   -999.00   -999.00   -999.00   -999.00       0
      940601   -999.00   -999.00   -999.00   -999.00       0
      940602   -999.00   -999.00   -999.00   -999.00       0
      940603   -999.00   -999.00   -999.00   -999.00       0
      940604   -999.00   -999.00   -999.00   -999.00       0
      940605   -999.00   -999.00   -999.00   -999.00       0
      940606     28.23     41.42    101.28    145.84       3
      940607     25.52      9.96     93.68     35.54       5
      940608     57.14     12.32    210.40     44.39       5
      940609     82.88     23.31    307.16     85.91       5
      940610    130.62     39.11    482.05    141.51       5
      940611    131.16     31.06    490.93    112.84       3
      940612    132.67     18.39    495.93     65.72       4
      940613    105.79     32.43    396.24    117.80       4
      940614    107.79     21.75    404.67     78.31       3
      940615    263.71    279.17    929.90    944.73       3
      940616     97.49     41.20    360.81    148.12       4
      940617     60.47     18.91    223.78     68.03       5
      940618     22.79      9.81     88.12     36.56       3
      940619     18.09      4.81     72.19     18.17       2
      940620      7.32      3.35     29.59     13.54       3
      940621      4.92   -999.00     19.90   -999.00       1
      940622     17.47     10.33     67.05     38.66       3
      940623     22.67      9.05     87.60     34.75       4
      940624     31.22      6.49    121.51     24.41       2
      940625     21.16      6.58     83.45     24.72       4
      940626      5.95      0.62     23.91      2.55       4
      940627      5.25      1.79     20.15      6.72       4
      940628     19.17      9.70     71.20     35.18       3
      940629     61.96      6.24    223.72     22.53       3
      940630    113.49     39.02    407.01    138.68       3
      940701    134.69     21.38    481.45     74.13       4
      940702    134.52     35.67    485.53    124.45       4
      940703    107.87     50.36    391.65    176.71       4
      940704    121.21      7.74    441.90     25.98       4
      940705    134.56     13.16    486.94     45.95       3
      940706    152.07     20.47    550.46     69.27       4
      940707    130.40     43.11    477.79    156.79       4
      940708    186.96     33.91    687.60    121.60       4
      940709    149.10     25.34    549.89     88.88       4
      940710    143.20     36.43    530.25    130.16       5
      940711    146.12     39.38    539.12    140.19       5
      940712    190.76    217.79    672.23    722.15       5
      940713     49.15     22.96    187.51     83.23       4
      940714     27.61      5.71    108.85     21.21       5
      940715     41.56     15.54    160.87     58.50       5
      940716     46.01     12.23    178.21     45.03       5
      940717     55.59     12.91    207.89     44.80       4
      940718     58.08     17.73    213.72     63.25       4
      940719     78.65     15.25    287.60     53.23       4
      940720    103.68     22.83    378.52     80.32       4
      940721    124.80     16.01    451.19     52.88       4
      940722    107.07     21.40    386.73     74.36       4
      940723     95.30     23.17    345.21     80.79       4
      940724     92.01      9.73    332.49     33.15       4
      940725     66.38     18.00    240.74     63.00       4
      940726     40.36     10.16    147.60     36.57       4
      940727     29.17     17.25    106.26     62.12       3
      940728      9.59      2.35     36.33      7.97       4
      940729   -999.00   -999.00   -999.00   -999.00       0
      940730      5.11      3.04     20.63     12.29       4
      940731      6.00      0.35     23.40      1.18       3
      940801      1.01   -999.00      4.07   -999.00       1
      940802      3.00      1.99     11.40      7.35       4
      940803     27.32     10.52     98.61     37.09       4
      940804     33.22      7.72    121.96     27.12       3
      940805     45.80      6.04    168.57     21.67       4
      940806     55.85     11.07    205.71     39.22       4
      940807     79.07     15.20    288.60     53.28       5
      940808     76.00     13.51    278.15     47.58       5
      940809     56.04     12.73    206.79     45.08       5
      940810     60.85      1.75    223.21      6.48       5
      940811     46.31     13.96    171.15     49.08       5
      940812     62.11     25.48    231.69     92.53       5
      940813    130.83     37.21    475.68    131.75       4
      940814    215.62     59.06    769.44    203.40       5
      940815    170.57     32.46    615.88    111.43       3
      940816    134.98     22.08    495.01     77.64       5
      940817     97.32     29.26    359.56    103.23       5
      940818     63.03     19.23    236.35     69.09       5
      940819     53.10      5.13    202.01     18.74       3
      940820     51.55     21.12    194.56     77.68       4
      940821     26.13      6.29     99.99     23.23       5
      940822      9.54      4.41     37.33     16.68       4
      940823     22.30      8.60     83.93     30.57       3
      940824     30.35      7.55    113.83     27.07       4
      940825     19.52      6.86     74.72     25.27       4
      940826     16.55      6.07     64.44     22.70       4
      940827      5.77      0.07     23.32      0.29       4
      940828      4.21      2.52     16.46     10.16       5
      940829      9.43      5.56     35.78     21.53       3
      940830     42.61     25.06    156.51     89.99       5
      940831    126.97     52.97    452.78    184.27       4
      940901    176.95     86.55    624.02    299.08       5
      940902    263.82     34.14    929.27    117.33       5
      940903    377.15     14.82   1327.05     50.44       4
      940904    411.74     22.70   1449.62     79.91       5
      940905    420.06     34.41   1485.64    116.86       5
      940906    449.81     67.00   1591.37    229.31       4
      940907    395.83     24.08   1411.79     82.64       4
      940908    316.28     42.38   1134.14    146.92       3
      940909    232.12     27.95    829.41     95.38       5
      940910    142.46     11.73    513.20     41.92       5
      940911    101.97     12.50    366.27     43.35       4
      940912     73.62     15.13    264.66     53.67       5
      940913     39.62      8.19    143.03     29.26       5
      940914     13.56      5.85     49.46     21.06       5
      940915      5.27      3.30     19.36     11.76       2
      940916     10.17   -999.00     39.91   -999.00       1
      940917     18.68      7.84     71.72     28.92       5
      940918     15.65      3.76     60.90     14.03       5
      940919      8.74   -999.00     34.84   -999.00       1
      940920   -999.00   -999.00   -999.00   -999.00       0
      940921   -999.00   -999.00   -999.00   -999.00       0
      940922     13.02      7.45     50.59     27.85       4
      940923     19.70      5.43     75.72     20.15       5
      940924     23.90      7.34     91.01     27.05       5
      940925     28.19      7.94    106.48     28.62       5
      940926     39.70     10.76    149.56     38.57       5
      940927     25.93      8.62     98.70     31.92       4
      940928     26.78      4.81    100.54     17.70       4
      940929     32.76     11.27    121.72     40.34       4
      940930     34.06      7.06    127.79     26.00       4
      941001     62.71     11.46    232.33     41.09       4
      941002     65.44     16.07    243.57     57.89       4
      941003     75.34      8.64    280.07     30.85       4
      941004     99.16      0.40    368.70      1.48       2
      941005     90.62     20.59    340.42     75.25       4
      941006    119.31     11.72    443.98     42.23       4
      941007    108.82     21.98    406.22     79.04       4
      941008    112.82     25.43    417.56     91.15       4
      941009    111.08     36.30    411.03    128.93       4
      941010    145.48     37.77    531.94    133.50       4
      941011    113.59     18.22    416.58     64.81       4
      941012    125.15      9.33    456.15     32.50       3
      941013    203.75     39.65    724.10    135.61       3
      941014    274.96     98.64    976.70    335.57       3
      941015    298.25     67.45   1055.29    229.03       3
      941016    249.68    123.44    890.08    420.55       2
      941017    217.18     55.18    779.31    189.91       2
      941018    189.37     10.45    685.53     38.27       3
      941019    228.51     36.56    822.48    126.99       2
      941020    172.77     26.56    622.54     93.35       4
      941021    150.72     42.05    543.61    147.34       3
      941022    117.20     16.95    423.77     58.12       3
      941023     56.30     16.26    209.00     58.03       3
      941024     29.73      3.29    112.76     12.06       4
      941025     28.09      7.96    106.24     28.73       4
      941026     77.12     24.10    284.39     85.90       4
      941027    115.93     24.97    421.08     87.82       4
      941028    167.43     60.66    601.88    209.55       4
      941029    210.05     80.45    750.60    281.44       2
      941030    254.61     46.10    911.94    160.55       4
      941031    248.29     70.18    894.70    246.00       4
      941101    208.58     58.44    756.44    204.14       4
      941102    536.76    582.10   1831.18   1909.81       3
      941103    109.67     26.51    405.74     94.77       3
      941104     96.47     20.37    355.27     72.94       3
      941105     66.12     15.25    246.48     54.05       4
      941106     57.57     10.73    214.61     37.69       3
      941107     40.48      8.32    152.10     30.13       3
      941108     39.35      3.90    148.64     14.09       4
      941109     27.27     10.58    104.71     39.13       3
      941110     24.28      6.06     94.68     22.77       3
      941111     14.66      3.78     57.80     15.30       3
      941112     14.48      5.84     58.50     23.58       2
      941113   -999.00   -999.00   -999.00   -999.00       0
      941114   -999.00   -999.00   -999.00   -999.00       0
      941115   -999.00   -999.00   -999.00   -999.00       0
      941116     11.22      0.91     45.32      3.67       2
      941117     16.32     17.41     62.47     64.92       3
      941118     16.73      8.55     63.98     31.80       4
      941119      3.04      2.03     12.00      7.80       4
      941120      1.18      0.42      4.63      1.51       2
      941121      2.91      1.02     11.21      3.94       5
      941122      7.54      5.40     28.61     19.50       3
      941123      8.03      4.08     31.10     15.32       4
      941124      6.91      3.61     27.25     13.61       5
      941125     29.80     21.11    113.29     78.98       3
      941126     50.53     11.85    187.15     42.27       5
      941127     59.63      9.39    219.01     33.14       4
      941128     47.71     37.20    175.58    132.70       5
      941129     15.78      1.78     60.03      6.78       4
      941130     16.39      2.78     61.29      9.91       3
      941201     11.15      4.65     40.95     16.79       4
      941202      2.51      2.66      9.46      9.74       3
      941203      1.68   -999.00      6.48   -999.00       1
      941204      7.40      4.45     27.51     16.19       4
      941205     17.92     13.57     67.10     50.74       3
      941206     17.87     12.93     67.22     47.42       2
      941207     35.70      7.26    133.78     27.38       4
      941208     31.51      6.79    121.07     24.44       4
      941209     56.93     10.37    213.92     37.12       4
      941210    150.40     53.99    542.30    186.97       3
      941211    264.55     55.12    932.37    184.58       3
      941212    438.60    132.05   1507.96    436.82       3
      941213    514.60     83.02   1759.54    274.41       4
      941214    444.68     76.71   1524.75    254.30       4
      941215    377.19     46.17   1296.87    152.33       4
      941216    280.59     61.35    967.82    203.08       4
      941217    176.73     28.00    617.22     93.80       4
      941218    120.47     42.79    424.91    146.71       4
      941219     69.65     25.92    251.74     91.39       5
      941220     67.40     51.03    242.85    180.63       3
      941221     85.71      8.92    310.59     31.60       5
      941222    105.89     14.18    384.92     49.53       5
      941223    112.81     21.02    410.11     73.62       4
      941224     84.92     10.29    311.29     37.51       5
      941225     77.74     19.14    287.65     68.27       4
      941226     63.47     19.31    237.34     70.35       5
      941227     22.47     13.87     85.28     53.26       5
      941228      9.06      4.76     35.23     18.66       4
      941229     11.78      5.49     46.57     21.00       4
      941230      3.75   -999.00     15.15   -999.00       1
      941231   -999.00   -999.00   -999.00   -999.00       0
