Tue Dec  2 10:03:54 2014   calc_USAF_spotindex_Nov12.pro
SSB:2006 AREA-DEP & AREA-INDEP CONTRASTS & SDEVS: BOL EXCESS=0.324
       60101    113.15      3.17    413.97     13.55       2
       60102     71.33      6.37    263.45     24.32       3
       60103     47.45      3.48    177.97     13.35       2
       60104     29.14      5.38    109.18     19.46       3
       60105     17.77     10.09     66.57     37.13       3
       60106      9.01      7.11     33.57     26.20       2
       60107      9.09      1.94     34.38      7.22       3
       60108     12.01      9.79     45.47     35.95       3
       60109     10.30      2.28     40.04      8.42       2
       60110     12.31      2.92     47.85     10.80       2
       60111      9.05      3.16     35.71     12.05       3
       60112     11.32      0.10     44.42      0.41       2
       60113   -999.00   -999.00   -999.00   -999.00       0
       60114   -999.00   -999.00   -999.00   -999.00       0
       60115     28.97     27.14    110.95    101.62       3
       60116     87.50     32.70    324.02    115.82       3
       60117     53.65     10.95    201.12     39.94       3
       60118     43.48     19.62    163.68     71.66       3
       60119     79.07     12.95    289.38     44.72       3
       60120     99.52      3.97    359.42     13.57       3
       60121    131.48      8.53    470.83     29.66       3
       60122    101.78     84.35    364.00    300.00       3
       60123    190.21     30.35    680.10    105.77       2
       60124    183.41     80.87    650.94    282.79       2
       60125     92.48     40.46    331.11    142.02       2
       60126     33.94     13.72    123.27     48.58       3
       60127     13.31      8.92     49.32     32.22       3
       60128      2.40   -999.00      9.27   -999.00       1
       60129      5.31   -999.00     21.45   -999.00       1
       60130   -999.00   -999.00   -999.00   -999.00       0
       60131   -999.00   -999.00   -999.00   -999.00       0
       60201   -999.00   -999.00   -999.00   -999.00       0
       60202   -999.00   -999.00   -999.00   -999.00       0
       60203   -999.00   -999.00   -999.00   -999.00       0
       60204   -999.00   -999.00   -999.00   -999.00       0
       60205   -999.00   -999.00   -999.00   -999.00       0
       60206   -999.00   -999.00   -999.00   -999.00       0
       60207      5.94      0.21     23.99      0.83       2
       60208      6.14      0.03     24.82      0.14       3
       60209     10.44   -999.00     42.20   -999.00       1
       60210      6.03   -999.00     23.65   -999.00       1
       60211      3.03   -999.00     11.68   -999.00       1
       60212   -999.00   -999.00   -999.00   -999.00       0
       60213      4.56      3.77     17.84     14.87       2
       60214      5.03      4.50     19.72     17.32       2
       60215     17.35      3.90     66.96     14.16       3
       60216     22.57      5.17     87.55     20.20       3
       60217      7.82      2.88     31.60     11.65       3
       60218      6.04      0.04     24.41      0.14       2
       60219     12.02   -999.00     48.57   -999.00       1
       60220   -999.00   -999.00   -999.00   -999.00       0
       60221   -999.00   -999.00   -999.00   -999.00       0
       60222   -999.00   -999.00   -999.00   -999.00       0
       60223   -999.00   -999.00   -999.00   -999.00       0
       60224   -999.00   -999.00   -999.00   -999.00       0
       60225   -999.00   -999.00   -999.00   -999.00       0
       60226   -999.00   -999.00   -999.00   -999.00       0
       60227      1.04   -999.00      4.21   -999.00       1
       60228      3.37      0.80     13.33      2.98       3
       60301   -999.00   -999.00   -999.00   -999.00       0
       60302   -999.00   -999.00   -999.00   -999.00       0
       60303   -999.00   -999.00   -999.00   -999.00       0
       60304      8.42      4.15     33.60     16.03       3
       60305     12.64      5.01     50.81     19.83       3
       60306     14.71   -999.00     59.45   -999.00       1
       60307     21.16   -999.00     84.28   -999.00       1
       60308     21.86   -999.00     86.97   -999.00       1
       60309      5.84   -999.00     23.61   -999.00       1
       60310      5.49   -999.00     22.18   -999.00       1
       60311   -999.00   -999.00   -999.00   -999.00       0
       60312     11.44      3.48     44.55     13.07       3
       60313     14.11      9.90     54.77     37.16       3
       60314      8.21      6.60     32.71     26.02       2
       60315      9.74      0.42     38.52      1.66       2
       60316     12.26      2.36     49.15      9.20       3
       60317     16.15      5.82     63.92     23.65       2
       60318     18.28      0.24     72.45      0.94       2
       60319     56.43      5.59    211.02     16.92       2
       60320     81.12      4.80    295.33     16.23       2
       60321     63.30     16.69    231.24     59.11       3
       60322     47.81     14.39    176.82     51.55       2
       60323     21.23      3.17     80.15     11.63       2
       60324     14.96     11.47     57.13     42.75       3
       60325   -999.00   -999.00   -999.00   -999.00       0
       60326   -999.00   -999.00   -999.00   -999.00       0
       60327   -999.00   -999.00   -999.00   -999.00       0
       60328      2.96   -999.00     11.61   -999.00       1
       60329     37.86      5.51    138.30     19.45       2
       60330     80.10      7.75    292.25     25.74       2
       60331    166.58     33.77    598.13    118.38       3
       60401    222.60     62.54    797.02    215.80       3
       60402    325.74     76.69   1160.05    264.43       3
       60403    363.59     32.57   1299.06    113.54       2
       60404    526.93     17.45   1845.44     68.28       3
       60405    459.94     50.53   1621.39    172.91       3
       60406    315.33      7.02   1125.82     18.18       2
       60407    143.82     72.97    523.30    253.25       2
       60408     83.50      9.49    310.87     34.37       2
       60409     44.22      8.40    167.72     30.53       3
       60410     73.15     11.02    273.25     38.50       2
       60411     72.86     13.89    276.59     50.75       3
       60412     85.07     13.26    321.59     48.08       3
       60413     71.01     18.23    271.56     67.37       3
       60414     43.19     13.89    167.74     52.38       3
       60415     58.50     25.92    222.12     93.74       3
       60416     36.86     14.31    141.17     53.18       3
       60417     18.01      3.92     70.98     14.58       2
       60418     12.94      2.01     52.27      8.11       2
       60419     29.79   -999.00    116.88   -999.00       1
       60420     26.72     28.96    100.55    105.43       3
       60421     19.30      1.92     74.65      7.73       3
       60422      8.12   -999.00     32.82   -999.00       1
       60423     12.32      9.10     44.81     31.21       3
       60424     51.24     29.60    181.31    101.00       3
       60425    159.71     76.59    556.16    262.07       3
       60426    272.76     93.28    952.38    320.23       2
       60427    256.09     10.48    908.15     37.26       2
       60428    343.80     92.97   1211.27    316.72       2
       60429    265.36     68.10    947.30    232.86       3
       60430    283.88    114.45   1009.56    390.47       2
       60501    161.50     72.95    590.80    257.33       3
       60502    132.27     28.59    489.63    103.10       3
       60503    143.10     48.56    524.42    170.78       3
       60504     96.79     31.97    359.77    114.76       2
       60505     51.44     17.78    195.29     65.22       3
       60506     40.79      8.57    156.53     32.71       3
       60507     57.11     20.56    217.89     76.62       3
       60508     96.31     46.93    356.56    165.57       3
       60509     75.47      7.87    282.18     26.35       3
       60510     36.57      5.17    137.20     18.77       3
       60511     18.86      7.34     72.14     26.70       3
       60512     11.50      7.51     45.67     29.11       3
       60513      6.35      5.98     25.37     23.65       3
       60514      4.53      0.41     17.63      1.81       2
       60515   -999.00   -999.00   -999.00   -999.00       0
       60516   -999.00   -999.00   -999.00   -999.00       0
       60517   -999.00   -999.00   -999.00   -999.00       0
       60518      3.81   -999.00     14.96   -999.00       1
       60519      5.34      4.79     21.03     18.43       3
       60520     50.09     22.20    185.89     80.32       3
       60521     49.83     40.88    187.39    149.26       3
       60522     53.16     20.53    201.44     75.48       3
       60523     59.69     12.46    226.89     45.80       3
       60524     88.82     46.13    333.33    166.30       3
       60525     68.11     30.25    258.18    110.35       3
       60526     66.79     60.09    250.88    220.65       2
       60527     66.13     20.75    250.71     78.32       2
       60528     71.50      0.92    273.40      4.86       3
       60529     50.63     10.31    196.22     41.27       2
       60530     47.56     23.82    183.56     88.91       2
       60531     17.32      1.32     69.34      5.21       2
       60601      2.97   -999.00     11.47   -999.00       1
       60602   -999.00   -999.00   -999.00   -999.00       0
       60603   -999.00   -999.00   -999.00   -999.00       0
       60604     21.27     24.88     75.04     86.26       3
       60605     53.60      9.90    191.06     35.09       2
       60606     92.58     12.59    328.90     45.28       3
       60607    124.56     12.22    446.30     41.71       2
       60608    201.79     33.95    720.72    118.32       3
       60609    242.46     18.49    865.52     63.90       3
       60610    208.15    102.78    748.43    360.13       3
       60611    100.45     17.92    371.63     63.97       3
       60612     58.67     14.57    219.03     51.17       2
       60613     54.85     12.61    202.44     43.85       3
       60614     23.49     13.59     87.47     51.78       3
       60615      8.51      6.98     31.39     25.28       2
       60616     28.30     29.15    107.13    107.56       2
       60617     20.48     23.86     79.19     91.15       3
       60618     10.67      5.91     41.71     22.33       3
       60619     24.13      0.34     92.02      1.30       2
       60620     28.65      4.64    108.72     16.94       2
       60621     59.40     50.04    217.40    177.87       2
       60622   -999.00   -999.00   -999.00   -999.00       0
       60623   -999.00   -999.00   -999.00   -999.00       0
       60624   -999.00   -999.00   -999.00   -999.00       0
       60625      2.59      1.27      9.82      4.63       2
       60626     12.05      0.29     44.83      1.24       2
       60627     17.12      5.06     64.18     18.40       2
       60628     58.11     41.60    211.50    146.77       2
       60629     91.71     20.81    332.10     73.37       2
       60630    147.66      2.47    526.01      7.96       2
       60701    127.16     40.62    458.08    139.10       3
       60702    181.39     49.48    645.34    164.36       3
       60703    257.36     34.19    904.82    115.53       3
       60704    255.54     19.21    897.39     66.18       3
       60705    278.95     11.84    972.34     40.06       3
       60706    235.13     24.74    823.10     82.06       3
       60707    177.02     10.27    624.02     35.22       3
       60708    125.56     21.90    446.21     75.27       2
       60709     48.72      9.35    177.88     31.78       3
       60710     22.84      7.06     87.31     25.85       3
       60711     12.31      0.14     48.29      0.56       3
       60712      5.50      0.24     22.23      0.96       3
       60713      5.12   -999.00     20.69   -999.00       1
       60714      9.36      4.16     36.05     15.57       3
       60715     21.42     10.82     80.94     39.45       3
       60716     18.46      9.67     70.70     35.75       3
       60717     27.14     13.29    102.83     48.88       3
       60718     54.80     21.54    202.64     76.48       3
       60719     50.81     18.16    187.94     64.23       3
       60720     10.19      0.32     39.98      1.26       2
       60721      3.96   -999.00     16.01   -999.00       1
       60722      3.03      1.95     11.51      7.21       3
       60723     26.11      9.74     95.01     34.66       3
       60724     39.37      9.32    143.87     33.20       3
       60725     47.07     14.98    173.15     53.45       3
       60726     57.28     15.55    210.76     55.39       3
       60727     30.39     16.61    114.72     60.78       3
       60728     51.49     32.66    190.48    116.29       3
       60729     61.82     61.83    225.51    220.15       2
       60730     17.40      6.01     67.88     23.26       3
       60731     14.02      1.91     55.34      6.64       2
       60801      2.72      0.00     10.97      0.00       2
       60802      5.00      3.93     19.36     14.82       3
       60803      4.08      2.29     15.73      8.86       2
       60804   -999.00   -999.00   -999.00   -999.00       0
       60805   -999.00   -999.00   -999.00   -999.00       0
       60806   -999.00   -999.00   -999.00   -999.00       0
       60807   -999.00   -999.00   -999.00   -999.00       0
       60808      4.34      3.25     16.80     12.20       3
       60809     15.77      6.04     59.38     21.98       3
       60810     29.52      5.96    106.51     20.58       2
       60811    151.26     48.00    520.07    160.27       3
       60812    274.89     49.75    937.07    163.30       3
       60813    341.05     48.99   1166.92    164.26       3
       60814    397.98     81.11   1364.14    266.74       3
       60815    441.99     28.54   1512.76     94.46       3
       60816    372.45     43.94   1281.28    143.94       3
       60817    344.95     20.87   1186.86     69.05       3
       60818    290.36     38.06    999.17    122.48       3
       60819    175.97     52.56    608.55    179.57       3
       60820     95.32      6.81    329.85     23.02       3
       60821     17.43      8.35     62.40     28.88       3
       60822     38.02      9.33    135.13     32.65       3
       60823     80.46      8.88    284.25     29.94       3
       60824    127.76     32.62    450.10    109.97       3
       60825    150.57     39.92    532.19    136.12       3
       60826    221.08     21.58    775.73     73.59       3
       60827    233.11     40.65    817.74    137.28       3
       60828    177.75     23.33    628.68     79.99       3
       60829     98.86     15.78    355.34     55.26       3
       60830     68.79     11.49    248.79     40.44       3
       60831     59.25     17.08    214.05     58.51       3
       60901     35.86     11.17    132.01     40.21       3
       60902     15.04      5.25     55.75     19.42       2
       60903   -999.00   -999.00   -999.00   -999.00       0
       60904   -999.00   -999.00   -999.00   -999.00       0
       60905     16.49     10.50     61.52     38.31       3
       60906     81.17     80.05    293.33    286.62       3
       60907     81.38     19.39    298.00     70.57       2
       60908    141.08     11.40    508.97     36.63       3
       60909    183.44     22.48    663.19     82.05       3
       60910    186.55     62.29    670.63    217.17       3
       60911    146.36     33.84    529.84    117.26       3
       60912    117.95      9.20    425.51     30.32       3
       60913    111.66     41.08    402.03    145.52       3
       60914     71.46     19.98    257.60     70.19       3
       60915     53.19      4.29    191.26     15.77       3
       60916     31.47     14.92    112.92     52.57       3
       60917     12.74      3.33     47.25     12.13       2
       60918      6.76      3.85     25.99     14.38       2
       60919      9.44      2.76     36.57     10.44       3
       60920      4.33      0.16     17.48      0.64       2
       60921      7.93      3.63     31.41     13.78       2
       60922     28.78     24.37    108.16     88.39       3
       60923     14.78      4.31     57.40     16.10       2
       60924     10.50      5.81     41.04     22.03       3
       60925      4.23      0.19     17.08      0.78       2
       60926      2.01      0.15      7.77      0.58       2
       60927      2.76      0.31     10.99      1.01       2
       60928      8.30      5.63     31.34     21.45       3
       60929     30.04     14.53    112.94     55.19       3
       60930     40.36     28.00    152.07    101.73       3
       61001     37.81     14.25    143.58     52.23       3
       61002     35.88      2.91    136.48     10.54       3
       61003     32.80      5.28    125.33     19.12       3
       61004     31.93      6.71    122.38     24.38       3
       61005     33.83      7.33    128.99     26.42       3
       61006     21.10      7.46     81.66     27.60       3
       61007     19.58      8.07     75.64     30.26       3
       61008      7.67      3.91     30.15     15.23       3
       61009     11.14      8.93     42.98     34.46       2
       61010      8.54      4.17     33.85     15.89       2
       61011   -999.00   -999.00   -999.00   -999.00       0
       61012   -999.00   -999.00   -999.00   -999.00       0
       61013   -999.00   -999.00   -999.00   -999.00       0
       61014   -999.00   -999.00   -999.00   -999.00       0
       61015   -999.00   -999.00   -999.00   -999.00       0
       61016   -999.00   -999.00   -999.00   -999.00       0
       61017   -999.00   -999.00   -999.00   -999.00       0
       61018   -999.00   -999.00   -999.00   -999.00       0
       61019     15.62      4.55     60.67     17.00       2
       61020     18.45      9.75     70.99     36.29       2
       61021     27.32     28.32    102.02    102.13       3
       61022     57.72     39.62    209.07    137.61       3
       61023     53.79      4.60    195.50     15.53       3
       61024     27.17     12.67     99.08     44.41       2
       61025     11.69   -999.00     42.70   -999.00       1
       61026   -999.00   -999.00   -999.00   -999.00       0
       61027      8.53      4.24     33.79     16.18       2
       61028     13.01      2.08     48.86      5.07       2
       61029   -999.00   -999.00   -999.00   -999.00       0
       61030      8.05      4.07     30.43     14.94       3
       61031     41.22     16.13    151.28     57.49       3
       61101    131.45     32.25    468.90    112.53       3
       61102    259.57    107.78    914.82    366.29       3
       61103    199.12     53.91    713.98    186.14       3
       61104    248.01    115.63    881.90    395.58       3
       61105    223.16     88.74    797.41    305.09       3
       61106     90.29     23.39    331.30     85.77       3
       61107     37.55      5.87    141.05     22.19       3
       61108     49.30     25.90    178.49     87.98       3
       61109     92.92     13.80    324.83     46.54       3
       61110    173.49     19.54    599.25     67.22       3
       61111    277.93     42.85    954.50    141.92       3
       61112    385.46   -999.00   1324.93   -999.00       1
       61113    451.62     64.53   1552.54    215.70       3
       61114    478.89     63.13   1652.69    211.72       3
       61115    440.22     20.09   1524.09     66.57       3
       61116    402.57      2.60   1404.16      7.74       3
       61117    275.18     18.45    966.75     65.02       3
       61118    249.39     78.04    872.47    263.15       3
       61119    110.26     24.75    390.67     78.97       3
       61120     28.15      3.21    103.77     13.27       2
       61121      3.60   -999.00     14.53   -999.00       1
       61122   -999.00   -999.00   -999.00   -999.00       0
       61123   -999.00   -999.00   -999.00   -999.00       0
       61124      4.32   -999.00     17.46   -999.00       1
       61125     12.08     13.75     43.03     48.22       3
       61126     22.79      0.93     82.36      3.90       2
       61127     57.71      5.32    207.70     19.42       2
       61128     85.46     25.51    310.66     87.85       3
       61129    156.12     32.94    563.95    115.59       2
       61130    206.22     35.20    746.02    123.68       3
       61201    193.91     23.68    706.39     82.69       3
       61202    159.46     24.09    580.49     84.09       3
       61203    146.94      2.88    534.92     11.96       3
       61204     76.77     10.27    285.52     36.87       2
       61205    106.41     17.55    385.90     60.42       3
       61206    117.17     28.86    414.92     99.77       3
       61207    149.47     14.11    523.84     47.32       2
       61208    205.72     19.16    716.88     66.22       2
       61209    230.32     27.52    805.08     94.04       3
       61210    292.91     35.81   1019.18    120.69       3
       61211    350.10     20.41   1212.46     68.11       2
       61212    467.66     19.89   1600.68     65.06       3
       61213    395.91      3.49   1355.64     14.01       2
       61214    298.47     25.59   1025.20     89.17       2
       61215    191.33     10.89    660.07     38.82       3
       61216     97.27     27.02    337.33     93.22       3
       61217     13.82     10.17     49.33     36.45       2
       61218   -999.00   -999.00   -999.00   -999.00       0
       61219   -999.00   -999.00   -999.00   -999.00       0
       61220   -999.00   -999.00   -999.00   -999.00       0
       61221   -999.00   -999.00   -999.00   -999.00       0
       61222   -999.00   -999.00   -999.00   -999.00       0
       61223   -999.00   -999.00   -999.00   -999.00       0
       61224      2.29   -999.00      9.00   -999.00       1
       61225      5.17      5.28     20.35     20.59       2
       61226     12.84      6.64     50.03     25.27       3
       61227      5.76      0.36     23.28      1.47       2
       61228   -999.00   -999.00   -999.00   -999.00       0
       61229   -999.00   -999.00   -999.00   -999.00       0
       61230      1.58   -999.00      5.91   -999.00       1
       61231     27.41     16.24     98.63     58.86       3
