Tue Dec  2 10:04:00 2014   calc_USAF_spotindex_Nov12.pro
SSB:2014 AREA-DEP & AREA-INDEP CONTRASTS & SDEVS: BOL EXCESS=0.324
      140101    170.15     21.67    625.12     75.85       3
      140102    228.91     37.74    816.35    121.39       3
      140103    378.74     21.97   1301.46     70.07       2
      140104    601.81     11.22   2044.28     44.66       2
      140105    847.90   -999.00   2872.08   -999.00       1
      140106   1060.41     99.97   3587.05    331.29       3
      140107   1254.14    285.92   4226.95    931.12       3
      140108   1263.03    117.68   4265.15    386.79       3
      140109   1210.40    341.13   4088.22   1115.80       2
      140110    956.79    404.39   3272.97   1336.20       2
      140111    677.98    233.49   2337.51    775.85       2
      140112    520.20     73.10   1816.37    242.96       2
      140113    329.55     52.32   1184.55    177.38       2
      140114    196.08     38.14    728.10    135.99       3
      140115    185.59     55.09    686.36    199.73       3
      140116    136.49     12.54    507.87     44.79       3
      140117    119.28     30.70    444.67    109.94       3
      140118    112.01     13.92    421.79     49.46       2
      140119    143.33     39.57    535.75    142.86       2
      140120    216.29     69.40    799.78    250.98       3
      140121    329.86     90.68   1207.73    318.52       2
      140122    313.56     32.65   1152.70    118.86       2
      140123    301.70   -999.00   1100.45   -999.00       1
      140124    340.26     46.97   1230.87    172.92       2
      140125    323.44     22.84   1172.03     77.15       2
      140126    265.23     12.97    968.90     51.45       2
      140127    155.57     16.63    570.77     60.27       2
      140128    149.95     13.80    537.73     34.55       2
      140129    282.92     83.76    979.00    284.61       3
      140130    440.43   -999.00   1500.55   -999.00       1
      140131    497.64   -999.00   1711.72   -999.00       1
      140201    958.41   -999.00   3228.67   -999.00       1
      140202   1287.48     96.55   4327.05    318.40       2
      140203   1364.40     87.01   4588.25    302.01       2
      140204   1345.54      1.23   4524.12      5.04       2
      140205   1221.21     57.45   4124.63    188.65       2
      140206   1557.27   -999.00   5215.12   -999.00       1
      140207    714.96    160.38   2467.32    521.89       2
      140208    432.71     87.23   1533.01    292.66       2
      140209    326.14    100.25   1176.75    347.83       2
      140210    342.57     35.64   1230.89    125.30       3
      140211    445.20     89.66   1588.35    310.73       3
      140212    610.37     39.82   2148.52    139.53       3
      140213    831.96    116.73   2887.99    387.99       3
      140214    939.78    175.09   3245.17    571.93       2
      140215    686.47    224.05   2398.51    766.39       2
      140216    503.68    186.47   1773.42    645.17       2
      140217    324.21     59.64   1156.62    205.90       3
      140218    308.25     65.17   1109.18    227.72       3
      140219    323.89    116.76   1152.09    401.56       3
      140220    387.14    102.28   1372.06    344.85       2
      140221    500.33    106.40   1753.85    354.69       2
      140222    604.24     32.77   2116.79    109.28       2
      140223    643.27   -999.00   2255.72   -999.00       1
      140224    451.20    231.61   1604.43    800.11       2
      140225    401.82      6.38   1442.77     22.38       3
      140226    548.85      6.08   1970.34     24.83       2
      140227    377.49     40.91   1383.53    145.83       3
      140228    468.16     43.53   1698.40    158.34       3
      140301    473.48     75.55   1714.96    285.92       2
      140302    481.37     75.21   1734.75    273.23       3
      140303    474.30     83.57   1711.59    301.36       2
      140304    338.95     69.80   1228.93    251.22       3
      140305    228.39    140.89    836.39    502.03       3
      140306    169.36    106.28    631.66    387.29       2
      140307    254.41     80.65    943.50    291.94       2
      140308    144.02     42.13    541.56    155.67       2
      140309    113.17   -999.00    427.86   -999.00       1
      140310    211.53     31.98    771.42    101.86       2
      140311    253.39     46.16    909.09    147.10       2
      140312    379.97     15.07   1349.75     53.53       3
      140313    319.59     92.87   1139.61    322.60       3
      140314    318.75     34.33   1141.13    122.14       3
      140315    315.06    107.38   1123.59    373.32       2
      140316    276.37    110.36    994.77    383.85       2
      140317    248.97     31.55    902.50    112.92       3
      140318    210.55     86.54    771.74    306.93       2
      140319    232.01      3.96    851.42     17.44       2
      140320    369.16    120.64   1338.35    423.45       2
      140321    275.19     72.57   1003.72    259.58       2
      140322    315.18     89.03   1151.80    310.99       3
      140323    356.06     18.52   1299.09     71.91       2
      140324    465.03    139.45   1663.57    480.60       2
      140325    357.69     83.55   1289.89    292.55       3
      140326    296.56     63.01   1077.37    220.98       3
      140327    272.75    136.54    994.16    477.15       2
      140328    195.05   -999.00    715.28   -999.00       1
      140329    219.34   -999.00    807.76   -999.00       1
      140330    150.03     38.21    556.14    136.21       2
      140331    160.74     25.36    593.48     87.28       2
      140401    314.68   -999.00   1125.16   -999.00       1
      140402    420.95     44.58   1498.16    155.16       3
      140403    432.04     24.09   1551.37     84.55       3
      140404    617.54     93.24   2194.77    323.70       2
      140405    549.42   -999.00   1968.76   -999.00       1
      140406    237.63      6.57    877.06     27.28       2
      140407   -999.00   -999.00   -999.00   -999.00       0
      140408    179.47     85.29    664.62    304.87       2
      140409    134.00      7.63    497.15     28.64       3
      140410    115.04     10.73    419.79     37.41       3
      140411    138.86      4.83    507.02     18.12       3
      140412    204.30      1.98    739.61      6.19       2
      140413    245.58     50.20    893.91    173.75       3
      140414    350.37     48.04   1278.95    167.16       3
      140415    791.17    349.64   2814.48   1211.92       2
      140416    837.57     56.40   2984.30    188.22       2
      140417    994.27    108.92   3527.01    382.32       2
      140418    851.57    172.95   3018.21    590.24       3
      140419    511.37    222.90   1836.40    780.51       3
      140420    387.93     77.54   1403.34    273.66       3
      140421    362.63     41.59   1307.80    145.19       2
      140422    269.41     43.91    978.96    154.56       3
      140423    280.84     43.12   1014.93    148.28       2
      140424    190.09     50.31    697.70    180.37       2
      140425    160.58      3.98    587.74     14.83       2
      140426     84.37   -999.00    313.57   -999.00       1
      140427     99.20     13.78    370.36     50.95       2
      140428    150.00     34.83    547.18    122.14       3
      140429    178.49     25.48    647.60     89.34       3
      140430    218.79     36.47    789.53    127.86       2
      140501    394.67   -999.00   1397.74   -999.00       1
      140502    537.87     89.45   1903.62    311.96       2
      140503    579.58   -999.00   2052.90   -999.00       1
      140504    354.93     69.04   1278.42    239.34       2
      140505    260.99      4.29    952.22     12.95       2
      140506    252.16   -999.00    915.38   -999.00       1
      140507    278.55      6.22    997.45     23.71       2
      140508    374.13      5.58   1323.99     27.68       2
      140509    592.88     58.80   2079.09    202.49       3
      140510    602.52     86.25   2121.53    294.55       2
      140511    595.69     94.16   2114.60    322.48       2
      140512    764.80   -999.00   2719.61   -999.00       1
      140513    492.89    105.35   1778.48    376.24       3
      140514    489.24     79.65   1769.68    282.17       3
      140515   -999.00   -999.00   -999.00   -999.00       0
      140516    323.19    119.84   1182.73    425.04       2
      140517    217.35     40.97    809.31    147.54       3
      140518    165.79     32.00    622.86    114.09       2
      140519    109.67     73.22    416.51    277.39       2
      140520     65.05   -999.00    251.27   -999.00       1
      140521    113.74     22.77    423.18     83.97       2
      140522    115.95   -999.00    432.00   -999.00       1
      140523     93.14     10.09    349.16     33.87       2
      140524    129.12     55.04    480.73    197.76       2
      140525    166.43     33.58    614.73    119.36       3
      140526     94.32     58.16    353.76    209.91       3
      140527     81.05     44.86    306.31    163.90       2
      140528     55.55   -999.00    216.07   -999.00       1
      140529     39.28      8.36    151.92     32.85       3
      140530     52.03   -999.00    198.75   -999.00       1
      140531     28.44      0.73    109.93      3.73       2
      140601     57.34      5.70    214.70     20.33       2
      140602     77.50     10.30    291.40     35.81       3
      140603    104.27     46.29    387.48    161.51       2
      140604    113.28     17.06    422.50     59.46       2
      140605    171.96      8.95    638.60     31.21       2
      140606    261.65     72.23    961.35    259.37       2
      140607    591.51     94.37   2117.76    324.63       3
      140608    677.22     24.31   2409.23     80.45       3
      140609    726.27    230.95   2551.90    764.33       2
      140610    560.07   -999.00   1976.84   -999.00       1
      140611    557.42    151.70   1974.04    514.67       2
      140612    516.00     70.25   1839.93    238.18       3
      140613    434.16    117.42   1551.18    404.10       3
      140614    227.77     82.99    832.06    295.01       2
      140615    221.15     21.52    807.64     75.98       3
      140616    265.19     42.18    956.98    146.62       3
      140617    257.01     49.58    934.12    170.52       2
      140618    235.52     77.07    862.75    269.85       2
      140619    165.61     31.37    615.35    114.51       3
      140620    133.63     28.80    498.98    104.73       3
      140621    105.15     31.55    395.23    114.57       2
      140622     65.77      3.64    249.46     13.19       2
      140623     34.67   -999.00    131.67   -999.00       1
      140624     43.00     17.85    162.63     65.69       3
      140625    108.29      2.44    402.56      8.53       2
      140626     99.08     22.72    372.29     81.88       3
      140627     89.95      1.76    342.94      7.91       3
      140628    111.36     50.42    421.50    187.14       2
      140629    110.02      7.29    412.39     23.69       2
      140630    207.69     56.52    750.26    194.33       2
      140701    274.19      9.84    980.19     28.92       2
      140702    453.19   -999.00   1616.43   -999.00       1
      140703    586.76     66.04   2086.43    222.09       3
      140704    792.28     89.34   2802.41    304.48       3
      140705   1052.54    103.52   3684.72    355.01       2
      140706   1364.42   -999.00   4741.10   -999.00       1
      140707   1221.75   -999.00   4266.79   -999.00       1
      140708   1372.85    141.86   4740.85    479.62       3
      140709   1163.49    180.37   4037.18    622.58       2
      140710    812.02     61.20   2832.31    211.55       3
      140711    566.95    127.17   1982.75    432.26       2
      140712    454.58   -999.00   1604.48   -999.00       1
      140713    155.69     53.28    571.88    191.17       2
      140714     73.65     29.12    274.46    103.53       3
      140715     14.71      8.18     58.23     31.36       2
      140716      3.36   -999.00     13.56   -999.00       1
      140717      4.28   -999.00     16.51   -999.00       1
      140718     12.90      2.20     50.78      8.94       3
      140719     26.28      8.25    102.68     32.54       2
      140720     34.92     20.92    133.09     74.99       2
      140721    202.56    291.64    694.26    981.04       3
      140722     35.26      3.37    132.77     12.08       3
      140723     36.44   -999.00    139.48   -999.00       1
      140724     74.67     16.92    274.80     59.04       2
      140725    105.68     12.31    386.95     41.27       2
      140726    104.97     33.11    384.80    119.78       3
      140727    158.84     34.31    587.67    124.65       2
      140728    230.97   -999.00    849.85   -999.00       1
      140729    276.04     48.01   1009.54    170.44       3
      140730    284.89     17.05   1034.02     57.83       3
      140731    242.42     16.37    887.98     57.15       2
      140801    315.26     13.25   1149.48     52.94       2
      140802    288.70     31.27   1054.13    113.41       2
      140803    301.37     11.92   1098.49     42.33       2
      140804    268.08      6.37    975.93     23.43       3
      140805    241.74      7.64    879.61     27.16       3
      140806    227.01     28.44    826.39    101.60       3
      140807    254.89     57.11    922.10    196.83       2
      140808    244.82     31.63    882.06    109.62       2
      140809    239.52      1.17    856.79      3.44       2
      140810    154.09     14.15    557.97     50.48       3
      140811    141.74      8.60    516.56     32.26       2
      140812    128.22     27.95    469.89     97.84       3
      140813    121.34     25.58    446.06     91.70       3
      140814    148.11     44.92    541.10    161.27       2
      140815    132.69      3.92    492.40     12.88       2
      140816    185.41      2.51    678.99      8.09       2
      140817    200.05     31.89    730.15    115.70       3
      140818    186.41     22.34    686.98     81.33       3
      140819    175.18      5.49    650.38     21.22       3
      140820    174.18     24.27    650.39     87.88       3
      140821    189.90     26.54    705.93     95.26       3
      140822    249.26     29.14    914.88    100.63       2
      140823    288.73     40.75   1053.93    144.03       3
      140824    343.27     53.65   1235.83    185.93       2
      140825    353.43     36.76   1272.24    126.24       2
      140826    353.67     62.94   1270.16    216.60       3
      140827    299.35     37.48   1085.64    130.84       3
      140828    276.79      2.96   1008.60      9.81       2
      140829    266.49     24.86    968.26     85.60       2
      140830    291.59     43.60   1053.30    152.39       2
      140831    309.51   -999.00   1115.13   -999.00       1
      140901    251.90     40.49    912.33    141.56       2
      140902    246.58     10.72    891.50     38.51       2
      140903    175.58     60.28    638.65    212.71       2
      140904    211.51     51.75    763.24    174.59       2
      140905    244.02     36.69    873.43    125.78       3
      140906    276.57     46.99    995.66    162.11       2
      140907    407.29   -999.00   1446.27   -999.00       1
      140908    406.94     37.30   1447.92    125.55       3
      140909    647.18     17.50   2275.43     59.73       2
      140910    496.30    105.23   1764.09    355.84       2
      140911    268.90    376.02    953.29   1331.47       2
      140912    355.04    120.03   1273.33    413.03       2
      140913    265.12     56.60    959.60    200.81       2
      140914    221.92   -999.00    808.12   -999.00       1
      140915    112.86     15.72    418.96     55.37       2
      140916     87.44   -999.00    329.57   -999.00       1
      140917     68.34     11.02    261.96     40.69       2
      140918     62.36   -999.00    238.29   -999.00       1
      140919     53.54      6.02    204.56     21.79       3
      140920     87.28   -999.00    324.04   -999.00       1
      140921    184.76     31.42    671.82    108.31       2
      140922    204.07   -999.00    739.08   -999.00       1
      140923    291.36   -999.00   1046.59   -999.00       1
      140924    341.29     55.89   1205.40    192.31       3
      140925    423.88   -999.00   1513.05   -999.00       1
      140926    747.92   -999.00   2613.05   -999.00       1
      140927    569.43    154.84   2009.37    524.99       2
      140928    728.43   -999.00   2539.26   -999.00       1
      140929    627.03     52.67   2196.36    173.25       2
      140930    350.41     65.93   1262.16    223.92       3
      141001   -999.00   -999.00   -999.00   -999.00       0
      141002   -999.00   -999.00   -999.00   -999.00       0
      141003   -999.00   -999.00   -999.00   -999.00       0
      141004   -999.00   -999.00   -999.00   -999.00       0
      141005   -999.00   -999.00   -999.00   -999.00       0
      141006   -999.00   -999.00   -999.00   -999.00       0
      141007   -999.00   -999.00   -999.00   -999.00       0
      141008   -999.00   -999.00   -999.00   -999.00       0
      141009   -999.00   -999.00   -999.00   -999.00       0
      141010   -999.00   -999.00   -999.00   -999.00       0
      141011   -999.00   -999.00   -999.00   -999.00       0
      141012   -999.00   -999.00   -999.00   -999.00       0
      141013   -999.00   -999.00   -999.00   -999.00       0
      141014   -999.00   -999.00   -999.00   -999.00       0
      141015   -999.00   -999.00   -999.00   -999.00       0
      141016   -999.00   -999.00   -999.00   -999.00       0
      141017   -999.00   -999.00   -999.00   -999.00       0
      141018   -999.00   -999.00   -999.00   -999.00       0
      141019   -999.00   -999.00   -999.00   -999.00       0
      141020   -999.00   -999.00   -999.00   -999.00       0
      141021   -999.00   -999.00   -999.00   -999.00       0
      141022   -999.00   -999.00   -999.00   -999.00       0
      141023   -999.00   -999.00   -999.00   -999.00       0
      141024   -999.00   -999.00   -999.00   -999.00       0
      141025   -999.00   -999.00   -999.00   -999.00       0
      141026   -999.00   -999.00   -999.00   -999.00       0
      141027   -999.00   -999.00   -999.00   -999.00       0
      141028   -999.00   -999.00   -999.00   -999.00       0
      141029   -999.00   -999.00   -999.00   -999.00       0
      141030   -999.00   -999.00   -999.00   -999.00       0
      141031   -999.00   -999.00   -999.00   -999.00       0
      141101   -999.00   -999.00   -999.00   -999.00       0
      141102   -999.00   -999.00   -999.00   -999.00       0
      141103   -999.00   -999.00   -999.00   -999.00       0
      141104   -999.00   -999.00   -999.00   -999.00       0
      141105   -999.00   -999.00   -999.00   -999.00       0
      141106   -999.00   -999.00   -999.00   -999.00       0
      141107   -999.00   -999.00   -999.00   -999.00       0
      141108   -999.00   -999.00   -999.00   -999.00       0
      141109   -999.00   -999.00   -999.00   -999.00       0
      141110   -999.00   -999.00   -999.00   -999.00       0
      141111   -999.00   -999.00   -999.00   -999.00       0
      141112   -999.00   -999.00   -999.00   -999.00       0
      141113   -999.00   -999.00   -999.00   -999.00       0
      141114   -999.00   -999.00   -999.00   -999.00       0
      141115   -999.00   -999.00   -999.00   -999.00       0
      141116   -999.00   -999.00   -999.00   -999.00       0
      141117   -999.00   -999.00   -999.00   -999.00       0
      141118   -999.00   -999.00   -999.00   -999.00       0
      141119   -999.00   -999.00   -999.00   -999.00       0
      141120   -999.00   -999.00   -999.00   -999.00       0
      141121   -999.00   -999.00   -999.00   -999.00       0
      141122   -999.00   -999.00   -999.00   -999.00       0
      141123   -999.00   -999.00   -999.00   -999.00       0
      141124   -999.00   -999.00   -999.00   -999.00       0
      141125   -999.00   -999.00   -999.00   -999.00       0
      141126   -999.00   -999.00   -999.00   -999.00       0
      141127   -999.00   -999.00   -999.00   -999.00       0
      141128   -999.00   -999.00   -999.00   -999.00       0
      141129   -999.00   -999.00   -999.00   -999.00       0
      141130   -999.00   -999.00   -999.00   -999.00       0
      141201   -999.00   -999.00   -999.00   -999.00       0
      141202   -999.00   -999.00   -999.00   -999.00       0
      141203   -999.00   -999.00   -999.00   -999.00       0
      141204   -999.00   -999.00   -999.00   -999.00       0
      141205   -999.00   -999.00   -999.00   -999.00       0
      141206   -999.00   -999.00   -999.00   -999.00       0
      141207   -999.00   -999.00   -999.00   -999.00       0
      141208   -999.00   -999.00   -999.00   -999.00       0
      141209   -999.00   -999.00   -999.00   -999.00       0
      141210   -999.00   -999.00   -999.00   -999.00       0
      141211   -999.00   -999.00   -999.00   -999.00       0
      141212   -999.00   -999.00   -999.00   -999.00       0
      141213   -999.00   -999.00   -999.00   -999.00       0
      141214   -999.00   -999.00   -999.00   -999.00       0
      141215   -999.00   -999.00   -999.00   -999.00       0
      141216   -999.00   -999.00   -999.00   -999.00       0
      141217   -999.00   -999.00   -999.00   -999.00       0
      141218   -999.00   -999.00   -999.00   -999.00       0
      141219   -999.00   -999.00   -999.00   -999.00       0
      141220   -999.00   -999.00   -999.00   -999.00       0
      141221   -999.00   -999.00   -999.00   -999.00       0
      141222   -999.00   -999.00   -999.00   -999.00       0
      141223   -999.00   -999.00   -999.00   -999.00       0
      141224   -999.00   -999.00   -999.00   -999.00       0
      141225   -999.00   -999.00   -999.00   -999.00       0
      141226   -999.00   -999.00   -999.00   -999.00       0
      141227   -999.00   -999.00   -999.00   -999.00       0
      141228   -999.00   -999.00   -999.00   -999.00       0
      141229   -999.00   -999.00   -999.00   -999.00       0
      141230   -999.00   -999.00   -999.00   -999.00       0
      141231   -999.00   -999.00   -999.00   -999.00       0
