Wed Dec 10 12:58:55 2014   calc_USAF_spotindex_Nov12.pro
SSB:2012 AREA-DEP & AREA-INDEP CONTRASTS & SDEVS: BOL EXCESS=0.324
      120101    271.02     53.63    957.31    189.69       3
      120102    275.29     50.73    985.45    173.62       3
      120103    289.02     75.11   1041.01    263.87       2
      120104    374.62     71.81   1333.19    251.98       3
      120105    309.08     65.48   1107.83    229.76       3
      120106    355.25     66.74   1263.85    238.47       2
      120107    380.57     39.61   1353.23    136.15       3
      120108    323.49      1.37   1155.61      5.45       2
      120109    376.81    149.05   1322.82    510.72       3
      120110    367.07     99.97   1286.11    340.92       3
      120111    215.08     92.07    765.13    316.68       3
      120112     93.56     53.99    343.42    191.36       3
      120113     72.64      9.53    275.59     34.47       3
      120114    159.48     70.42    592.68    250.61       3
      120115    177.88     34.60    655.98    120.32       3
      120116    225.67     26.78    813.33     95.79       2
      120117    393.01      2.80   1386.53      1.37       2
      120118    431.04     54.78   1517.62    187.09       3
      120119    586.45    126.13   2042.45    423.28       3
      120120    471.89    103.74   1663.56    353.22       2
      120121    475.20     32.83   1681.49    110.14       3
      120122    405.37     35.51   1437.50    117.65       3
      120123    291.30     39.75   1046.13    135.18       3
      120124    224.26     25.98    803.71     92.39       2
      120125    106.19      8.32    387.46     26.23       2
      120126    112.88     17.80    410.04     64.05       3
      120127     80.84     14.75    298.39     53.93       3
      120128    103.71     43.06    378.71    154.18       2
      120129    127.70     22.58    473.22     79.34       2
      120130    162.97     51.64    602.14    192.69       2
      120131    176.95     34.96    650.70    125.07       2
      120201    212.53     32.51    775.81    111.29       2
      120202    174.61   -999.00    635.73   -999.00       1
      120203    159.14   -999.00    576.59   -999.00       1
      120204    104.46     30.64    382.29    106.17       2
      120205     59.70      6.96    219.56     28.75       2
      120206     64.51     29.43    233.01    105.95       2
      120207     26.49     16.47     95.33     59.03       3
      120208     18.80      0.14     71.59      2.63       2
      120209     37.68     15.21    140.70     53.99       2
      120210    141.41    107.75    503.54    371.06       2
      120211    312.96     52.17   1088.98    172.19       2
      120212    304.21   -999.00   1072.43   -999.00       1
      120213    216.14     48.51    766.61    164.37       3
      120214    127.82     76.07    463.26    267.68       2
      120215    115.83     16.97    423.29     60.83       3
      120216     95.52     27.79    353.50    102.15       2
      120217     91.37     33.77    341.58    125.98       2
      120218     41.73     19.93    159.37     72.55       3
      120219     85.63     13.52    321.65     46.94       3
      120220    212.83     53.58    761.83    175.13       2
      120221    218.72     73.58    775.83    259.30       2
      120222    129.36     13.43    462.94     48.30       2
      120223     63.78   -999.00    235.47   -999.00       1
      120224     72.58      3.55    265.13      6.71       2
      120225     74.33     17.83    272.30     64.91       3
      120226    218.35    271.44    751.23    902.74       3
      120227     54.07      7.30    203.47     28.22       3
      120228     72.78     24.37    270.12     89.10       2
      120229     71.43     12.78    262.33     44.08       3
      120301     48.24      7.34    180.67     24.18       3
      120302     76.78     51.91    289.78    196.42       3
      120303     72.19      7.40    269.42     29.27       3
      120304    197.99     39.04    696.88    138.31       3
      120305    465.83    158.26   1626.74    548.84       2
      120306    732.52    136.28   2513.44    442.69       3
      120307   1023.78    125.50   3489.93    423.55       3
      120308    836.89   -999.00   2879.68   -999.00       1
      120309    611.81   -999.00   2118.54   -999.00       1
      120310   -999.00   -999.00   -999.00   -999.00       0
      120311    420.83     81.86   1468.48    272.77       2
      120312    220.26     19.57    789.05     66.00       2
      120313    204.91   -999.00    736.51   -999.00       1
      120314    150.52     10.24    551.59     34.75       2
      120315    759.39   1096.95   2591.11   3670.62       3
      120316    108.29     37.52    407.62    135.19       3
      120317    115.59     10.25    435.63     34.87       3
      120318    122.61     17.68    452.76     66.07       2
      120319     95.14     43.43    352.21    155.36       3
      120320     79.64     36.99    292.75    133.47       3
      120321     49.45     15.10    187.17     53.98       3
      120322     41.43     17.90    158.54     67.42       3
      120323     51.48      7.32    197.76     28.52       2
      120324     53.84   -999.00    207.10   -999.00       1
      120325     84.39     17.70    312.16     62.72       3
      120326    112.51     53.08    414.58    186.68       3
      120327    172.78     26.48    632.16    100.35       3
      120328    176.12     11.41    643.72     35.99       3
      120329    207.05     36.46    758.26    129.31       3
      120330    129.98     60.19    480.67    211.13       3
      120331     89.61     22.80    336.78     81.41       3
      120401     61.27     17.46    229.06     61.97       3
      120402     76.89     22.41    289.75     79.63       3
      120403     85.69     52.69    320.92    189.93       3
      120404     75.33     38.85    280.58    140.26       3
      120405     87.35      3.95    321.93     13.78       2
      120406     84.59     19.46    307.23     69.22       3
      120407     85.42     74.04    307.98    260.00       2
      120408     46.84     38.42    170.13    136.45       3
      120409     13.79   -999.00     51.81   -999.00       1
      120410      7.30   -999.00     29.49   -999.00       1
      120411     18.32      5.74     71.32     21.72       2
      120412     56.87     15.43    214.35     57.36       3
      120413     88.17     69.63    321.86    247.28       2
      120414    107.71     60.78    392.77    214.27       3
      120415     87.61     50.51    321.89    179.64       3
      120416    139.33   -999.00    505.07   -999.00       1
      120417     79.36      4.43    292.21     16.62       2
      120418    218.74     53.26    798.42    184.78       2
      120419    503.56    316.17   1791.30   1093.12       2
      120420    824.15     63.70   2886.01    216.45       3
      120421    830.28     82.71   2901.10    285.14       3
      120422    687.56     87.24   2414.84    298.77       2
      120423    693.28    305.91   2433.55   1043.33       2
      120424    452.64    133.19   1609.15    459.96       3
      120425    330.34    133.20   1192.62    466.10       3
      120426    252.97     19.27    923.18     69.41       3
      120427    182.36     38.71    674.35    138.90       3
      120428    152.13     83.76    565.71    300.24       3
      120429    163.24     10.66    600.12     44.64       3
      120430    221.16     45.58    799.36    159.93       3
      120501    238.61     33.89    864.40    120.74       3
      120502    269.24      8.08    966.58     33.55       3
      120503    270.27     30.01    971.00    107.18       3
      120504    266.77     37.28    951.72    132.30       3
      120505    136.18     73.14    493.27    253.59       3
      120506    282.86     37.55    988.69    115.47       2
      120507    314.28      9.25   1087.92     33.47       2
      120508    434.32     40.97   1486.14    138.99       3
      120509    617.86     59.32   2094.59    185.06       3
      120510    695.89     49.11   2357.79    158.09       2
      120511    795.78     30.47   2706.68    101.28       3
      120512    717.95     41.51   2448.79    139.14       3
      120513    610.39    133.89   2107.81    436.64       3
      120514    312.16    178.54   1115.20    607.88       2
      120515    232.42    123.10    854.51    432.62       2
      120516    253.95     40.83    935.61    148.02       2
      120517    316.86     27.87   1150.95    100.53       3
      120518    430.59    142.54   1539.54    483.12       3
      120519    381.45    168.16   1365.77    579.04       3
      120520    366.47    131.71   1314.29    456.51       3
      120521    333.85     92.06   1200.19    324.97       3
      120522    264.16    107.77    945.46    373.33       3
      120523    192.92     32.48    699.64    115.00       3
      120524    153.94     56.63    557.24    192.62       3
      120525    144.42      6.97    533.76     23.99       3
      120526    168.39     48.77    618.94    172.47       3
      120527    159.18     15.39    588.80     56.47       3
      120528    220.54     51.36    805.88    184.94       3
      120529    233.35     50.95    845.32    180.61       3
      120530    182.37     52.94    662.28    186.28       3
      120531    124.49     28.69    460.82    105.43       3
      120601    265.11    105.48    950.29    342.23       3
      120602    197.85     37.53    736.57    137.08       3
      120603    239.39      4.22    888.89     14.64       3
      120604    327.01     35.68   1201.64    130.14       2
      120605    399.53     26.99   1459.77     88.02       2
      120606    343.51   -999.00   1248.74   -999.00       1
      120607    280.46     47.35   1031.15    174.96       2
      120608    144.10   -999.00    540.28   -999.00       1
      120609    125.42     16.78    468.62     64.35       2
      120610    127.94   -999.00    478.55   -999.00       1
      120611     75.91   -999.00    286.59   -999.00       1
      120612    369.72      8.10   1318.17     20.99       2
      120613    476.76   -999.00   1678.72   -999.00       1
      120614    532.22     15.39   1878.95     55.86       3
      120615    590.60     21.60   2070.86     77.63       2
      120616    619.34     58.90   2157.19    190.86       2
      120617    468.13     46.52   1621.36    156.89       3
      120618    305.32     92.00   1051.55    312.58       3
      120619    195.58     46.79    676.24    160.32       3
      120620     75.68     29.62    263.30    104.06       2
      120621     12.93      1.05     48.37      0.76       2
      120622     16.28      3.69     63.09     13.78       3
      120623     13.00      3.79     50.63     14.24       3
      120624      8.69      9.65     33.61     36.43       3
      120625     20.33      4.99     76.09     17.99       3
      120626     37.04     26.19    135.76     95.19       3
      120627    201.31     62.64    716.40    217.24       2
      120628    263.52    112.05    940.82    394.64       3
      120629    318.94     62.39   1141.55    216.24       3
      120630    593.18    319.40   2126.34   1137.94       2
      120701    492.32    225.72   1744.79    757.03       3
      120702    520.04    178.55   1841.84    613.44       3
      120703    611.37    218.85   2145.46    724.74       3
      120704    494.89    125.44   1734.36    423.83       3
      120705    536.34    112.85   1873.99    399.20       3
      120706    497.35    157.91   1736.16    528.62       3
      120707    395.37     24.07   1381.04     70.28       3
      120708    558.17     52.14   1910.69    180.56       3
      120709    750.32    110.11   2537.48    369.72       3
      120710    823.59     96.15   2785.79    333.30       2
      120711    803.38    230.25   2734.68    765.39       3
      120712   1143.92    189.98   3857.13    622.78       3
      120713    740.90     83.50   2548.76    291.55       3
      120714    674.14    140.61   2319.74    472.18       3
      120715    529.67     69.39   1822.09    230.01       3
      120716    227.48     57.30    804.40    188.31       2
      120717    160.33     50.59    566.67    172.18       3
      120718     79.14     26.30    290.88     95.79       3
      120719     48.54      9.31    183.39     33.88       3
      120720     36.58     15.52    138.57     57.77       3
      120721     28.78     17.50    110.49     66.76       2
      120722     26.95      8.45    101.77     30.78       2
      120723     40.47     23.10    153.74     85.29       3
      120724     84.20     48.60    311.40    176.70       3
      120725     69.64     23.26    259.44     83.31       3
      120726     99.29     29.02    371.18    106.05       2
      120727    142.30     29.85    527.69    108.31       3
      120728    232.59    111.91    845.99    391.34       3
      120729    389.67    143.93   1389.14    494.02       3
      120730    389.08     39.07   1382.99    126.90       3
      120731    372.34     12.37   1344.78     49.42       3
      120801    372.64     18.27   1346.08     64.54       3
      120802    348.45     33.76   1263.29    120.21       3
      120803    340.68     38.98   1236.29    135.58       3
      120804    325.71     21.70   1182.26     74.90       3
      120805    255.53     21.56    936.03     76.87       3
      120806    196.32     58.13    725.38    208.59       3
      120807    200.06     41.69    742.70    153.44       3
      120808    201.50     71.61    741.77    252.96       3
      120809    318.63     56.36   1156.65    196.01       3
      120810    299.97     50.11   1085.04    170.30       3
      120811    207.84     56.25    758.94    200.66       3
      120812    178.62     27.36    647.73     99.67       3
      120813    210.43     41.36    750.48    136.95       3
      120814    175.02     17.12    627.28     65.72       2
      120815    198.74      9.62    700.46     31.69       3
      120816    176.59     11.39    621.64     33.98       2
      120817    129.32      2.40    461.48      5.64       2
      120818     73.06     16.76    266.54     57.69       3
      120819     62.20     18.06    235.35     65.85       3
      120820     57.26     18.90    221.73     70.66       3
      120821     90.31      0.43    343.85      1.56       2
      120822     47.16   -999.00    185.26   -999.00       1
      120823     59.41     30.77    227.06    113.01       2
      120824     98.65     18.34    373.10     73.48       2
      120825    197.35     16.65    716.64     59.12       2
      120826    218.48     58.73    792.31    203.82       2
      120827    175.69     29.57    642.63    102.67       2
      120828    162.16     56.00    592.00    196.35       3
      120829    138.29     10.38    511.55     40.14       3
      120830    172.18     40.35    638.00    141.64       3
      120831    268.67     29.78    980.14    109.27       3
      120901    258.29     10.83    936.03     43.23       3
      120902    288.77     36.33   1039.99    127.74       3
      120903    306.72     78.21   1106.94    272.37       3
      120904    324.05     77.48   1176.46    258.57       3
      120905    277.07    154.51    998.73    534.20       3
      120906    211.16     27.13    770.49     96.88       3
      120907    217.61     72.84    783.53    255.80       3
      120908    149.21     10.78    545.84     35.24       2
      120909    144.52     53.64    534.59    190.58       2
      120910     86.60     20.10    326.25     71.99       3
      120911    102.31     30.69    382.53    110.22       2
      120912     94.55     40.44    350.82    146.48       3
      120913    123.87     17.99    451.05     61.83       2
      120914    123.14     25.40    450.10     90.46       3
      120915    166.26     17.54    602.87     60.32       3
      120916    126.81      6.65    466.23     23.45       3
      120917     96.93     41.06    361.07    150.23       3
      120918     89.21     24.20    331.37     85.57       3
      120919     83.24      7.56    306.75     28.83       3
      120920    138.12     10.98    499.85     38.64       3
      120921    127.40     15.33    461.80     54.90       3
      120922    163.16     40.98    582.95    138.37       3
      120923    205.33     43.30    741.16    153.43       3
      120924    182.15     13.26    669.07     44.32       3
      120925    242.77     44.65    889.40    157.34       3
      120926    258.05     51.27    943.51    184.18       3
      120927    194.11     33.83    707.57    120.81       3
      120928    231.56   -999.00    834.85   -999.00       1
      120929    319.57     68.07   1145.18    235.40       3
      120930    311.53     33.32   1114.64    110.64       2
      121001    340.29     20.25   1214.41     72.95       3
      121002    463.24    147.70   1645.80    527.68       3
      121003    303.88     44.86   1085.22    154.94       3
      121004    240.92      2.13    863.93      7.13       3
      121005    202.22     36.66    725.28    129.66       3
      121006    155.65     34.04    558.78    119.81       3
      121007    106.66     21.81    386.94     75.78       3
      121008    121.23     49.81    442.11    179.45       3
      121009    144.65     16.51    524.50     57.82       3
      121010    112.29      9.97    412.10     35.72       3
      121011    174.67      8.92    629.58     29.90       2
      121012    184.65     11.21    667.69     38.26       3
      121013    210.52     31.01    763.23    103.40       3
      121014    257.52     66.48    930.86    228.16       3
      121015    322.61    138.93   1159.53    478.98       3
      121016    294.92    118.66   1064.02    412.45       2
      121017    246.68     91.90    897.56    317.67       3
      121018    207.54     29.82    762.40    107.45       3
      121019    217.26     43.74    788.94    149.53       3
      121020    217.03     21.73    784.67     85.36       3
      121021    312.52     25.69   1106.39     89.40       3
      121022    309.92     14.75   1096.56     43.75       2
      121023    366.57     64.56   1292.88    220.49       2
      121024    291.23    140.78   1031.06    493.96       2
      121025    400.04     12.25   1415.51     43.41       2
      121026    477.15     62.68   1692.06    212.67       2
      121027    427.40     78.68   1516.40    267.33       2
      121028    227.27      9.24    818.66     30.32       2
      121029    178.95     25.56    649.24     89.34       2
      121030    146.10     17.69    530.79     63.15       2
      121031    149.19     68.72    541.80    240.18       2
      121101     96.98     36.33    358.75    132.56       3
      121102     69.90     37.77    257.53    135.44       3
      121103     26.36      3.80    101.02     13.18       2
      121104     22.90     10.34     89.31     39.57       3
      121105     16.41     10.18     64.61     40.03       2
      121106     27.22     14.22    104.16     54.27       3
      121107    107.17     69.50    397.45    252.99       2
      121108     43.06     10.43    160.59     37.24       3
      121109     79.69     46.79    292.63    167.66       3
      121110    127.91     20.09    470.91     70.55       3
      121111    229.42     20.15    832.78     73.38       3
      121112    538.19    260.23   1911.39    899.52       2
      121113    404.01     37.86   1457.44    128.56       3
      121114    445.04     71.94   1608.34    251.31       3
      121115    346.23    143.58   1262.93    502.36       2
      121116    313.39    123.36   1153.19    431.83       2
      121117    295.60     96.26   1097.02    348.40       2
      121118    315.24   -999.00   1160.11   -999.00       1
      121119    317.75    128.47   1154.21    466.54       2
      121120    285.05    119.14   1023.89    418.73       2
      121121    300.04   -999.00   1070.39   -999.00       1
      121122    366.46     54.43   1292.91    178.58       3
      121123    477.63    122.25   1656.27    422.03       2
      121124    198.63     85.98    705.22    296.31       3
      121125    162.93     25.78    589.38     89.77       3
      121126    213.92     76.29    768.89    267.02       3
      121127    206.89     17.37    740.96     59.61       2
      121128    303.40     44.90   1068.51    151.81       2
      121129    291.84    109.22   1034.69    378.79       3
      121130    246.21     50.01    886.18    171.93       3
      121201    234.27     42.98    847.68    150.32       3
      121202    164.60     33.65    605.79    119.81       3
      121203    186.49     66.55    681.30    234.70       3
      121204    170.30     19.20    619.93     68.40       2
      121205    104.17     20.62    386.41     75.91       3
      121206     61.98     19.28    228.69     69.81       3
      121207     36.00      1.99    133.86      7.23       2
      121208     23.71   -999.00     92.18   -999.00       1
      121209     55.84     21.88    211.50     80.47       3
      121210     62.51      9.59    235.79     34.74       3
      121211     93.26     47.12    345.38    168.52       3
      121212     80.84     14.72    305.17     54.25       3
      121213    119.03     35.64    444.66    129.20       3
      121214    126.23     32.87    460.55    118.84       2
      121215    156.06   -999.00    563.97   -999.00       1
      121216    123.68      1.21    447.33      4.10       2
      121217    163.22      2.08    582.76      9.26       2
      121218    158.39     17.41    569.37     60.70       3
      121219    200.95   -999.00    719.98   -999.00       1
      121220    245.99     56.70    882.64    197.01       3
      121221    227.57     36.08    822.36    124.23       2
      121222    251.03   -999.00    907.74   -999.00       1
      121223    196.71     80.89    714.48    284.66       3
      121224    188.14   -999.00    679.62   -999.00       1
      121225    170.11    120.05    609.60    419.54       3
      121226     89.39     16.69    326.07     59.67       2
      121227     49.34     27.89    184.44    100.25       3
      121228     65.06     16.01    239.29     55.32       3
      121229     63.44      1.20    232.36      3.68       2
      121230     88.59   -999.00    329.63   -999.00       1
      121231    120.97     22.98    453.01     81.65       3
