Tue Dec  2 10:03:08 2014   calc_USAF_spotindex_Nov12.pro
SSB:1989 AREA-DEP & AREA-INDEP CONTRASTS & SDEVS: BOL EXCESS=0.324
      890101      7.18      1.99     29.00      8.05       4
      890102     27.22     19.72    102.81     73.28       6
      890103     99.58     60.04    361.24    211.45       5
      890104    198.72     87.12    708.61    301.38       5
      890105    348.69     77.03   1240.59    267.60       7
      890106    465.46    141.38   1653.77    488.81       6
      890107    571.26    176.13   2017.74    602.12       7
      890108    819.52    207.01   2862.41    702.49       7
      890109    999.66    139.74   3469.14    470.43       6
      890110   1053.79    174.91   3640.80    575.40       7
      890111   1225.87    354.16   4226.68   1184.48       4
      890112   1177.62    249.31   4034.95    820.21       5
      890113   1088.26    508.28   3721.51   1712.56       6
      890114   1387.34    214.57   4710.37    713.29       7
      890115   1671.01    215.03   5656.36    710.04       7
      890116   1572.58    339.73   5323.67   1112.05       6
      890117   1148.17    340.09   3925.65   1132.96       5
      890118   1074.49    204.73   3668.36    679.88       5
      890119    796.63    222.88   2738.10    745.31       5
      890120    644.15    100.43   2226.66    347.09       5
      890121    332.89     96.65   1177.23    331.87       7
      890122    349.87    106.26   1240.87    363.58       6
      890123    544.32    157.87   1880.51    531.07       6
      890124    774.43    142.71   2646.85    473.99       5
      890125    959.58    146.61   3260.15    487.41       6
      890126    933.43    146.49   3185.03    482.53       7
      890127    911.28    202.96   3122.15    674.55       7
      890128    740.03     78.98   2571.15    275.81       4
      890129    609.39    128.32   2131.50    433.81       6
      890130    472.59     81.20   1670.72    280.37       7
      890131    306.11    101.36   1096.29    354.71       6
      890201    216.44     66.91    791.19    238.48       4
      890202    182.68     54.71    678.69    196.80       5
      890203    194.09     35.99    722.62    131.58       6
      890204    157.45     51.64    590.47    192.75       6
      890205    832.97   1423.35   2742.36   4507.42       7
      890206    367.07    113.60   1262.40    377.35       6
      890207    537.27    145.56   1829.47    480.53       6
      890208    596.85    176.22   2042.29    583.44       6
      890209   1486.41   1761.50   4893.30   5524.82       7
      890210   1111.86    258.58   3797.70    868.43       6
      890211   1219.33    271.22   4141.35    899.95       6
      890212   1192.82    265.84   4061.86    883.83       7
      890213   1294.13    376.94   4418.44   1251.56       7
      890214   1461.34    218.82   4981.95    722.24       5
      890215   1340.28    320.55   4575.75   1033.22       6
      890216    875.84    242.24   3058.56    823.22       6
      890217    591.60    161.79   2107.78    558.11       6
      890218    343.13    140.96   1241.12    496.24       7
      890219    335.41    103.14   1210.69    359.34       7
      890220    522.65    169.65   1849.98    578.57       6
      890221    766.87    275.34   2669.05    934.01       7
      890222    902.24    148.83   3114.09    498.92       6
      890223    834.67    281.89   2867.54    940.29       7
      890224    892.28     89.84   3058.58    300.70       7
      890225    590.25    198.17   2062.35    680.76       7
      890226    464.55    137.83   1652.18    485.32       6
      890227    888.69   1529.51   2910.32   4779.74       6
      890228    271.84     87.09    989.06    309.05       5
      890301    367.20    139.17   1325.31    492.06       5
      890302    306.43    139.62   1101.26    488.78       5
      890303    436.95    114.74   1550.72    395.22       5
      890304    284.84     61.59   1020.70    214.64       6
      890305    264.00     58.56    946.03    206.13       7
      890306    258.42     88.05    918.45    306.07       7
      890307    393.81    150.99   1341.87    487.62       7
      890308    526.13    281.54   1763.91    934.07       6
      890309   1048.83    260.30   3502.82    845.83       5
      890310   1131.78    123.30   3760.10    393.48       6
      890311   1347.77    175.72   4477.49    572.86       7
      890312   1632.14    324.62   5395.22   1050.78       6
      890313   1797.88    363.60   5930.84   1171.47       7
      890314   1866.34    275.56   6158.31    899.37       5
      890315   1649.78    255.13   5451.45    799.26       6
      890316   1242.31    198.75   4162.28    650.14       6
      890317   1079.65     98.77   3658.10    321.70       5
      890318    485.28    193.61   1701.02    685.18       7
      890319    542.00    130.19   1904.25    443.91       7
      890320    579.39     72.84   2044.65    258.13       6
      890321    809.48    348.40   2799.52   1168.47       4
      890322    967.04    224.23   3327.70    750.63       7
      890323    875.77    279.19   3030.77    944.32       6
      890324    706.13    308.24   2461.36   1045.23       6
      890325    501.26    136.88   1770.96    473.73       6
      890326    356.35    102.92   1269.91    355.60       6
      890327    309.42     41.27   1110.56    141.44       5
      890328    263.43     71.27    949.70    249.04       7
      890329    203.24     48.13    736.22    171.31       5
      890330    226.86     70.59    797.90    238.46       7
      890331    368.35     45.91   1267.78    153.97       5
      890401    523.70    128.62   1777.19    428.92       5
      890402    672.32     92.31   2274.97    301.69       6
      890403    931.46    116.79   3139.99    376.84       5
      890404    799.83    171.19   2719.97    571.72       6
      890405    722.14    258.01   2476.99    867.53       7
      890406    777.63    114.06   2686.27    391.86       7
      890407    721.85    125.14   2531.19    445.75       4
      890408    601.22     64.42   2128.49    223.09       5
      890409    426.04     89.42   1519.18    315.76       6
      890410    289.04     96.64   1041.30    337.12       6
      890411    108.04     34.23    402.24    124.50       5
      890412    133.54     38.80    495.95    139.41       6
      890413    202.14     69.75    728.99    241.25       7
      890414    432.21    105.19   1510.08    356.92       6
      890415    618.81    154.29   2142.39    514.47       6
      890416    588.75    282.58   2042.08    968.67       7
      890417    863.01    207.65   2994.29    704.03       6
      890418    888.32    146.15   3092.89    491.62       7
      890419    879.62    154.29   3074.48    524.56       7
      890420    761.27    109.77   2679.34    374.65       7
      890421    854.03    184.66   3011.63    637.98       7
      890422    656.22    105.75   2332.22    367.77       7
      890423    485.38     44.94   1739.62    154.85       4
      890424    470.47    118.44   1680.84    411.01       6
      890425    512.84    103.84   1817.22    355.33       7
      890426    383.91     31.35   1368.53    101.82       5
      890427    394.65     83.53   1398.96    287.64       5
      890428    450.25     80.31   1580.56    276.02       6
      890429    396.33    108.98   1393.46    373.08       6
      890430    342.94     59.90   1208.14    205.70       5
      890501    427.50    117.01   1496.08    402.31       6
      890502    411.05     68.82   1443.24    238.21       6
      890503    492.36     96.28   1720.73    326.31       6
      890504    720.06     46.91   2475.60    156.31       7
      890505    662.96    111.40   2281.38    376.92       5
      890506    471.54    129.57   1644.03    439.20       5
      890507    366.42    104.20   1312.02    359.56       7
      890508    370.07    117.30   1347.51    414.19       6
      890509    402.65     48.52   1457.99    167.53       5
      890510    466.08     44.57   1677.21    163.52       5
      890511    380.03     58.70   1374.50    208.65       6
      890512    349.07     63.90   1265.70    231.12       5
      890513    363.74    101.79   1317.01    359.44       6
      890514    341.34     86.34   1242.59    305.86       5
      890515    506.92    107.45   1830.20    374.60       5
      890516    483.67     87.36   1753.41    304.72       6
      890517    454.00    138.27   1649.23    489.00       7
      890518    517.51    138.42   1876.29    489.88       7
      890519    509.48    151.92   1850.12    529.66       7
      890520    589.91    134.23   2116.95    462.17       7
      890521    831.37    153.71   2925.98    517.81       7
      890522    694.82    150.40   2450.55    514.78       7
      890523    612.54    168.88   2158.23    573.91       7
      890524    652.89    132.32   2281.83    441.62       6
      890525    657.73    104.20   2294.89    349.38       7
      890526    700.82    129.12   2445.30    434.74       7
      890527    653.86     75.36   2290.67    257.90       5
      890528    511.46     57.21   1814.67    202.15       7
      890529    491.95    119.03   1758.68    413.39       6
      890530    497.17     57.73   1786.60    204.98       5
      890531    568.77     74.90   2044.57    260.40       4
      890601    720.87    119.82   2569.56    407.02       6
      890602    582.90    118.91   2076.01    425.12       6
      890603    523.69     83.98   1866.82    292.47       5
      890604    435.47     50.10   1551.95    174.28       5
      890605    426.20     65.85   1504.49    222.30       6
      890606    438.54     78.21   1529.51    266.86       5
      890607    468.74     99.74   1622.44    334.06       5
      890608    308.40    268.92   1082.50    936.28       6
      890609    676.73     57.24   2344.26    210.34       4
      890610    889.64    191.63   3059.60    648.54       5
      890611   1246.12    281.42   4256.02    927.14       6
      890612   1907.76    364.51   6434.94   1208.19       4
      890613   2208.73    409.79   7437.38   1346.80       6
      890614   2408.00    477.36   8082.34   1563.07       7
      890615   2431.63    359.30   8165.75   1180.00       7
      890616   2269.85    446.69   7643.73   1461.91       6
      890617   1670.10    393.56   5651.03   1341.76       6
      890618   1451.87    428.59   4958.22   1409.30       6
      890619   1110.44    243.92   3874.70    838.19       7
      890620    773.75    247.72   2732.77    845.12       6
      890621    588.46    184.95   2097.83    639.79       6
      890622    753.74    119.19   2652.73    402.03       5
      890623    989.08    120.35   3470.82    411.65       5
      890624   1188.53    260.88   4172.38    882.30       7
      890625   1152.32    248.92   4066.31    855.64       7
      890626   1029.85    129.11   3667.13    435.94       7
      890627   1079.54     85.32   3836.31    297.94       6
      890628   1035.05    198.60   3666.58    682.70       7
      890629   1179.91   1033.22   4050.92   3349.15       6
      890630    885.23    433.63   3082.64   1413.12       6
      890701    385.27     99.34   1388.72    344.30       7
      890702    658.69    645.31   2242.40   2088.23       7
      890703    229.29     46.06    835.53    165.67       5
      890704    205.72     38.39    750.01    135.43       7
      890705    210.14     70.86    770.04    254.24       6
      890706    272.82     87.31    997.87    308.86       7
      890707    286.49     68.73   1050.05    244.45       7
      890708    285.46     63.12   1050.63    224.18       6
      890709    237.78     72.77    875.47    262.81       7
      890710    337.27     85.06   1228.06    305.03       6
      890711    347.45     63.81   1262.91    227.15       6
      890712    319.12     93.71   1152.65    329.68       6
      890713    370.06     84.65   1331.04    300.39       6
      890714    357.20     65.34   1278.31    227.85       6
      890715    339.88    109.40   1214.32    381.54       7
      890716    364.99     74.79   1308.17    259.46       5
      890717    359.05     89.49   1291.60    310.99       6
      890718    312.35     66.50   1130.82    227.89       6
      890719    431.50     98.36   1552.16    344.91       6
      890720    477.49     61.39   1717.71    218.99       6
      890721    517.84    150.14   1859.67    529.03       7
      890722    631.61    175.76   2267.61    616.83       5
      890723    641.46    150.02   2299.54    531.34       5
      890724    591.00     92.70   2115.39    326.36       5
      890725    475.32    121.31   1700.83    426.16       5
      890726    276.76     62.10   1000.74    218.01       7
      890727    177.85     67.51    643.05    228.77       6
      890728    168.40     41.58    607.70    146.31       7
      890729    250.19     70.74    892.64    253.12       7
      890730    485.34    166.93   1714.89    577.14       5
      890731    525.64     94.03   1853.01    327.71       6
      890801    504.28    125.23   1775.70    429.18       7
      890802    513.47     74.19   1810.98    263.17       6
      890803    633.28    135.04   2239.00    470.26       6
      890804    777.75    107.44   2750.15    379.94       6
      890805    801.28    196.19   2833.66    693.26       7
      890806    956.27    211.38   3362.56    722.77       7
      890807   1219.41    175.62   4244.46    598.87       6
      890808   1243.30    311.93   4292.63   1037.11       7
      890809   1342.21    261.02   4623.43    880.66       6
      890810   1077.59    264.82   3728.43    899.39       7
      890811    866.98    471.74   2989.23   1622.35       5
      890812    825.23    239.30   2855.66    805.46       7
      890813   1047.90    268.78   3595.64    899.41       7
      890814   1210.67    266.10   4092.56    885.02       6
      890815   1498.25    310.11   5055.97   1029.61       6
      890816   1701.95    554.15   5719.38   1800.94       4
      890817   1564.61    136.69   5310.39    468.94       6
      890818   1677.69    247.02   5698.04    797.30       5
      890819   1517.21    479.39   5167.22   1602.68       6
      890820   1029.19    391.90   3550.54   1313.30       6
      890821    749.40    226.26   2618.37    765.06       6
      890822    426.64    174.46   1499.69    610.14       6
      890823    282.11     63.78   1017.66    221.94       6
      890824    182.77     50.32    674.94    183.42       7
      890825    131.69     55.14    493.96    201.83       5
      890826     97.93     36.22    367.50    133.87       7
      890827    131.11     27.56    485.73     99.67       6
      890828    130.12     28.71    482.60    103.31       6
      890829    329.65    392.55   1112.19   1238.53       6
      890830    420.56    164.05   1437.63    548.94       5
      890831    741.58    123.68   2502.39    401.96       6
      890901   1191.89    499.07   4019.71   1647.66       7
      890902   1186.32    826.90   3921.68   2716.85       7
      890903   1988.16    425.56   6522.91   1343.57       7
      890904   1945.20    391.95   6405.84   1236.06       7
      890905   1794.89    281.13   5963.88    909.97       6
      890906   1967.47    412.31   6543.70   1307.48       7
      890907   1943.56    691.74   6493.50   2211.40       6
      890908   1479.62     82.24   5064.07    281.32       5
      890909   1448.11    248.29   4988.18    833.85       5
      890910   1209.56    175.88   4222.48    594.92       7
      890911   1325.06    112.87   4640.77    381.79       5
      890912   1336.32    181.12   4682.13    616.30       6
      890913   1038.79    264.71   3669.65    917.28       7
      890914    913.14     78.33   3243.63    273.07       4
      890915    691.94    168.03   2476.29    589.46       6
      890916    638.09    177.03   2274.97    623.32       6
      890917    572.77     65.67   2027.23    223.09       5
      890918    504.74     34.56   1768.72    123.67       5
      890919    588.79     56.68   2036.67    178.39       5
      890920    663.61    127.24   2272.78    412.52       4
      890921    701.33     87.47   2385.20    285.84       5
      890922    740.10     53.12   2502.55    169.68       6
      890923    671.68     73.57   2282.97    241.34       4
      890924    509.81     71.76   1742.23    240.87       6
      890925    397.59     51.18   1367.63    168.81       6
      890926    374.10     16.22   1293.64     55.93       3
      890927    344.52     50.82   1203.41    176.59       6
      890928    273.15     81.97    977.77    284.74       5
      890929    248.78    117.05    891.96    410.48       6
      890930    349.31     79.22   1240.86    271.45       6
      891001    437.72    111.29   1554.17    381.51       6
      891002    488.75     75.06   1746.18    260.99       7
      891003    439.56    118.15   1584.19    409.70       5
      891004    533.81    122.48   1926.18    430.63       6
      891005    643.05    110.93   2317.95    392.85       7
      891006    565.40     85.75   2048.99    302.19       7
      891007    620.62    192.07   2237.30    668.82       6
      891008    531.49    154.79   1933.55    544.51       6
      891009    387.22     84.72   1426.71    304.25       5
      891010    337.83    123.08   1246.48    442.32       6
      891011    352.31     71.85   1295.73    257.64       7
      891012    478.67    118.64   1722.07    415.30       7
      891013    615.84    131.56   2182.50    445.85       7
      891014    744.38    103.23   2618.34    356.14       4
      891015    860.32    175.73   3028.91    602.98       5
      891016    888.35    245.35   3137.35    847.79       3
      891017    922.91    120.10   3226.70    417.84       4
      891018    623.09    365.90   2157.18   1259.03       4
      891019    756.23     90.02   2600.72    313.95       5
      891020    685.70     39.30   2357.03    135.89       5
      891021    587.73    107.95   2029.51    367.18       7
      891022    530.20     75.80   1837.07    258.33       6
      891023    620.34    173.46   2144.19    585.13       6
      891024    522.65     47.94   1828.12    159.87       6
      891025    400.97     97.09   1416.32    339.29       4
      891026    288.11     54.53   1042.35    194.94       4
      891027    233.65     47.94    851.32    172.54       6
      891028    247.71     58.58    907.64    209.72       7
      891029    296.58     59.05   1074.41    204.31       6
      891030    352.17     75.56   1261.76    261.36       5
      891031    428.26     64.82   1532.30    217.71       6
      891101    574.55    113.16   2037.34    388.41       6
      891102    629.03    122.88   2233.13    430.55       6
      891103    615.07    170.57   2191.69    589.66       6
      891104    565.66    164.37   2028.51    571.48       6
      891105    624.48    210.73   2238.98    734.25       7
      891106    901.59    297.03   3200.17   1020.72       5
      891107    654.87    316.20   2330.28   1098.12       5
      891108    754.19    110.28   2685.83    380.31       7
      891109   1027.68    315.73   3570.60   1050.78       6
      891110    748.81    504.09   2592.73   1727.78       6
      891111    946.54    167.44   3272.62    563.17       5
      891112    631.58    121.29   2200.35    409.82       5
      891113    627.28    190.13   2189.24    645.72       3
      891114    645.91    165.69   2247.75    560.00       5
      891115    678.00    138.53   2357.51    466.78       5
      891116    440.40    116.33   1559.78    400.99       5
      891117    306.94     24.88   1114.97     87.56       4
      891118    379.59    128.01   1355.69    438.50       5
      891119    522.52    113.17   1845.46    388.06       5
      891120    638.50     54.41   2245.28    185.45       5
      891121    764.91    191.03   2674.01    650.08       6
      891122    888.62     86.09   3091.91    292.47       6
      891123    899.31    107.60   3133.28    366.44       6
      891124    878.95    126.81   3083.70    436.93       5
      891125    790.88    163.27   2798.01    562.32       6
      891126   1182.62    375.71   4137.15   1274.59       6
      891127   1133.04    341.54   3957.66   1163.94       7
      891128   1104.21    333.93   3858.30   1139.56       6
      891129    790.56    109.84   2795.85    376.23       5
      891130    839.37    114.11   2951.41    385.15       6
      891201    781.88    150.90   2752.07    517.06       7
      891202    641.33    100.90   2283.72    354.69       7
      891203    675.41    200.54   2414.41    703.18       6
      891204    645.24    275.55   2299.23    964.40       5
      891205    771.68    204.29   2738.57    707.33       6
      891206    641.84     57.79   2287.42    200.13       6
      891207    591.86     98.44   2115.22    342.66       6
      891208    496.18     58.14   1780.18    209.40       6
      891209    419.76    185.60   1513.35    654.98       5
      891210    334.88     84.12   1213.65    301.00       6
      891211    204.41     78.95    750.55    282.15       5
      891212    127.77     25.34    477.34     93.55       7
      891213    131.31     25.11    481.97     88.25       6
      891214    160.46     33.61    579.97    119.15       7
      891215    206.66     63.62    734.77    218.42       6
      891216    260.89     67.55    930.21    238.50       6
      891217    354.97     89.28   1269.78    312.52       7
      891218    471.13     94.54   1678.75    324.84       6
      891219    472.42     63.91   1687.14    227.01       5
      891220    490.30     41.52   1751.46    141.96       5
      891221    538.57     52.50   1920.73    183.58       5
      891222    522.20     61.51   1877.85    212.55       6
      891223    493.75    120.08   1776.50    423.91       7
      891224    633.94    231.82   2241.07    788.81       7
      891225    867.13    227.89   3031.17    766.43       7
      891226   1169.75    311.33   4044.02   1044.01       6
      891227   1458.35    283.61   5024.49    949.80       5
      891228   1408.73    258.30   4859.16    857.00       6
      891229   1690.29    256.25   5766.25    837.24       5
      891230   1105.81    215.47   3807.05    721.11       7
      891231    919.52    193.78   3163.96    649.17       7
