Tue Dec  2 10:03:33 2014   calc_USAF_spotindex_Nov12.pro
SSB:1995 AREA-DEP & AREA-INDEP CONTRASTS & SDEVS: BOL EXCESS=0.324
      950101      6.30   -999.00     24.72   -999.00       1
      950102   -999.00   -999.00   -999.00   -999.00       0
      950103      0.70      0.05      2.84      0.19       2
      950104      5.27      4.54     20.68     17.37       3
      950105     11.15      2.02     43.24      7.50       3
      950106     12.44      7.96     48.81     30.11       4
      950107   -999.00   -999.00   -999.00   -999.00       0
      950108     11.85   -999.00     46.51   -999.00       1
      950109     12.70   -999.00     49.83   -999.00       1
      950110      6.09      0.03     24.59      0.14       4
      950111      5.67      0.12     22.90      0.48       2
      950112      5.15   -999.00     20.82   -999.00       1
      950113      2.18      0.87      8.58      3.25       4
      950114     17.33      7.60     64.60     27.69       4
      950115     35.29     13.72    130.05     49.24       5
      950116     59.85     16.70    219.05     59.49       4
      950117     99.33     14.03    360.73     49.70       4
      950118    138.01     44.82    498.26    156.91       5
      950119    165.06     44.67    594.76    155.54       3
      950120    178.90     31.19    650.68    107.05       3
      950121    132.23     33.80    488.48    122.21       4
      950122    131.16     27.36    483.87     97.35       4
      950123    145.43     19.92    533.43     68.72       4
      950124    204.08     72.69    731.94    246.32       4
      950125    116.95      0.98    428.07      5.20       2
      950126    100.67     39.61    369.18    143.80       3
      950127     48.46     30.18    179.36    109.81       3
      950128     30.70     18.99    115.17     70.43       4
      950129     26.63     11.21     97.63     39.40       4
      950130     28.17     11.08    105.96     40.77       4
      950131     58.88     12.15    215.21     42.88       4
      950201     63.21     13.45    229.89     48.95       4
      950202     95.00     34.46    351.77    126.24       5
      950203     88.66     24.84    332.00     91.25       4
      950204     92.98     54.99    342.56    192.69       2
      950205    133.45     66.74    488.88    239.04       4
      950206     83.70     20.32    311.45     73.56       4
      950207     52.79     13.99    194.11     50.11       5
      950208     26.64     11.73     99.34     42.63       5
      950209     16.71      8.19     62.57     29.28       4
      950210     29.68      8.39    111.28     30.07       3
      950211     33.20     11.20    122.37     39.79       5
      950212     53.38     16.74    196.75     60.49       5
      950213     65.01      1.56    239.97      6.77       3
      950214    281.73    352.72    970.52   1179.31       3
      950215     68.72     11.94    257.32     43.36       4
      950216     61.35     10.70    230.98     41.13       3
      950217     68.71     14.51    259.05     52.77       4
      950218     83.33     24.39    311.92     87.74       4
      950219    104.86     55.18    389.84    198.94       4
      950220    158.18     67.91    576.42    233.99       4
      950221    135.36     55.06    498.27    196.27       4
      950222     78.14     49.25    293.61    179.76       4
      950223     74.79     16.28    282.13     60.92       3
      950224     31.30     13.69    118.96     50.93       3
      950225     43.58     17.30    163.87     62.31       3
      950226     47.80     12.40    179.80     45.23       3
      950227     93.24     37.42    341.35    131.58       3
      950228    135.20     12.61    489.44     45.89       3
      950301    295.92    118.21   1050.12    406.34       2
      950302    278.36     67.21    990.25    238.93       2
      950303    331.79    103.05   1186.31    356.68       3
      950304    241.40     69.48    875.82    243.92       4
      950305    196.24     55.58    710.79    195.82       4
      950306     91.21     49.27    331.85    174.39       4
      950307     67.23     20.19    244.74     70.12       5
      950308     26.91     15.64     98.47     56.62       4
      950309      2.54      2.15      9.63      8.14       3
      950310   -999.00   -999.00   -999.00   -999.00       0
      950311      1.51      0.11      6.12      0.46       2
      950312     10.64      5.09     42.16     19.86       3
      950313      5.10      1.12     20.59      4.54       3
      950314      7.44      5.38     28.67     20.46       4
      950315     63.64     73.89    227.88    261.72       5
      950316     49.88     11.08    178.40     38.93       5
      950317     82.70     15.11    296.06     51.26       5
      950318    115.62     50.47    416.16    179.04       4
      950319    153.90     13.84    557.45     47.22       4
      950320    148.44     49.03    539.42    171.70       4
      950321    159.01     28.95    580.29    102.22       4
      950322    161.22     42.32    585.48    149.07       5
      950323    138.02     31.16    503.37    111.13       4
      950324    121.01     43.96    441.86    154.55       5
      950325     67.73     15.60    252.69     56.41       5
      950326     78.03     29.60    288.94    106.78       5
      950327    116.83     17.17    419.12     59.23       5
      950328    105.03     34.88    378.55    121.44       5
      950329    119.83     26.17    433.52     93.35       4
      950330    107.14     21.87    390.74     76.17       5
      950331    234.24    359.80    803.26   1190.11       5
      950401     44.27     17.02    164.42     61.30       5
      950402     19.53     12.17     74.49     45.80       4
      950403     10.77      5.10     41.62     19.29       5
      950404      1.40      0.28      5.64      1.15       2
      950405   -999.00   -999.00   -999.00   -999.00       0
      950406   -999.00   -999.00   -999.00   -999.00       0
      950407   -999.00   -999.00   -999.00   -999.00       0
      950408   -999.00   -999.00   -999.00   -999.00       0
      950409   -999.00   -999.00   -999.00   -999.00       0
      950410      0.93      0.65      3.64      2.48       4
      950411     16.69     10.12     61.30     36.12       4
      950412     34.81     21.40    127.80     76.98       4
      950413     90.02     46.42    323.60    161.51       5
      950414    160.21     36.08    575.74    122.99       4
      950415    267.27    159.79    946.68    555.17       5
      950416    199.68     73.27    719.15    252.99       3
      950417    179.03   -999.00    648.49   -999.00       1
      950418    997.96   -999.00   3315.20   -999.00       1
      950419    133.36     49.48    480.55    173.02       4
      950420     53.71      7.21    192.76     25.84       3
      950421     38.93     19.28    137.40     66.83       4
      950422      4.95      1.46     18.25      5.43       2
      950423   -999.00   -999.00   -999.00   -999.00       0
      950424   -999.00   -999.00   -999.00   -999.00       0
      950425   -999.00   -999.00   -999.00   -999.00       0
      950426   -999.00   -999.00   -999.00   -999.00       0
      950427   -999.00   -999.00   -999.00   -999.00       0
      950428   -999.00   -999.00   -999.00   -999.00       0
      950429      3.48   -999.00     14.04   -999.00       1
      950430   -999.00   -999.00   -999.00   -999.00       0
      950501   -999.00   -999.00   -999.00   -999.00       0
      950502   -999.00   -999.00   -999.00   -999.00       0
      950503   -999.00   -999.00   -999.00   -999.00       0
      950504      4.91      2.08     19.48      7.86       2
      950505      2.62      0.59     10.46      2.17       3
      950506      4.40      3.99     15.93     14.17       2
      950507     16.38     11.12     59.41     39.99       4
      950508     39.84      5.31    144.12     18.89       5
      950509     52.95     10.96    192.23     38.27       5
      950510     53.70     19.52    196.99     69.01       5
      950511     49.04      8.07    181.87     29.06       3
      950512     50.84     18.31    191.79     65.91       4
      950513    106.32     51.95    392.68    183.70       5
      950514     86.43     21.30    319.90     74.10       5
      950515     99.36     36.76    364.78    128.50       5
      950516    204.61     24.84    736.08     86.38       3
      950517    302.23     72.69   1066.93    247.09       5
      950518    304.78     84.25   1066.60    282.94       5
      950519    196.20     48.60    689.88    166.17       4
      950520     93.73     42.03    331.30    144.47       5
      950521     42.06     19.51    149.51     68.24       4
      950522     23.96     35.17     82.24    117.16       5
      950523   -999.00   -999.00   -999.00   -999.00       0
      950524   -999.00   -999.00   -999.00   -999.00       0
      950525   -999.00   -999.00   -999.00   -999.00       0
      950526   -999.00   -999.00   -999.00   -999.00       0
      950527   -999.00   -999.00   -999.00   -999.00       0
      950528      4.41      2.16     17.60      8.27       4
      950529     14.39      5.49     55.42     20.18       5
      950530     10.29      5.97     40.40     22.59       4
      950531      5.96      0.06     24.08      0.24       3
      950601   -999.00   -999.00   -999.00   -999.00       0
      950602      6.18      0.01     24.95      0.03       2
      950603      8.74      3.64     34.71     13.90       5
      950604     26.43     12.54    100.24     45.58       5
      950605     77.07     33.43    278.86    118.07       5
      950606     64.32     10.67    234.38     36.56       5
      950607     80.05     31.12    293.54    109.99       5
      950608    103.21     44.63    374.06    157.37       5
      950609    156.36     36.78    556.36    125.77       4
      950610    144.05     27.96    513.28     96.05       5
      950611    286.71    397.10    970.45   1300.15       5
      950612     59.53     23.45    214.24     82.13       5
      950613     25.98     10.38     94.67     37.05       5
      950614      6.53      5.18     24.31     18.86       4
      950615   -999.00   -999.00   -999.00   -999.00       0
      950616   -999.00   -999.00   -999.00   -999.00       0
      950617   -999.00   -999.00   -999.00   -999.00       0
      950618     12.03      5.35     46.32     20.83       5
      950619     22.31      7.11     82.11     26.63       4
      950620     26.27     16.61     96.39     59.50       4
      950621     56.77     17.87    206.62     63.09       3
      950622     38.74     24.84    143.61     89.55       4
      950623    146.09    228.87    507.89    776.87       4
      950624   -999.00   -999.00   -999.00   -999.00       0
      950625     39.37      7.55    147.45     27.21       5
      950626     22.25     11.13     84.53     40.81       5
      950627      6.20      2.34     24.57      8.91       4
      950628      5.06      4.11     19.87     15.60       3
      950629     10.75     10.31     41.73     38.26       4
      950630     23.24      6.75     88.49     25.06       5
      950701     39.54     11.75    145.92     42.36       5
      950702     64.23     13.95    232.89     51.03       5
      950703     79.91     24.99    285.49     86.25       5
      950704   -999.00   -999.00   -999.00   -999.00       0
      950705    118.91     13.03    427.40     45.46       5
      950706    122.61     31.56    442.93    109.93       5
      950707    140.34     51.96    507.44    180.90       5
      950708    127.84     39.80    463.46    139.92       3
      950709    132.71     27.22    481.48     95.96       4
      950710     59.90     17.03    220.32     63.21       4
      950711     52.11     28.26    190.94    102.45       4
      950712     11.74      7.13     43.93     27.10       4
      950713      6.21      2.18     24.69      8.29       4
      950714     35.55     17.56    132.93     63.38       5
      950715    113.94     24.00    410.50     83.36       5
      950716    101.62     30.63    367.58    107.36       5
      950717     57.55     12.02    212.23     42.95       5
      950718     38.33     12.96    142.54     46.87       5
      950719     33.75      6.68    129.57     25.05       4
      950720     18.54      9.74     72.62     36.73       5
      950721      6.12      0.04     24.72      0.15       3
      950722      5.86      0.15     23.67      0.62       2
      950723   -999.00   -999.00   -999.00   -999.00       0
      950724   -999.00   -999.00   -999.00   -999.00       0
      950725      4.52   -999.00     18.25   -999.00       1
      950726      6.86      3.37     27.30     12.91       3
      950727   -999.00   -999.00   -999.00   -999.00       0
      950728   -999.00   -999.00   -999.00   -999.00       0
      950729   -999.00   -999.00   -999.00   -999.00       0
      950730   -999.00   -999.00   -999.00   -999.00       0
      950731      9.75      5.09     38.10     19.21       3
      950801     25.97     17.67     97.88     64.85       5
      950802     58.94     82.22    213.31    286.96       5
      950803     24.03      8.39     91.70     31.02       4
      950804     16.32      6.52     63.06     24.31       4
      950805     18.72     15.00     72.02     56.35       4
      950806     45.67     23.46    171.61     86.37       5
      950807     20.61      8.09     78.76     29.84       5
      950808     14.22      8.56     54.55     32.00       4
      950809   -999.00   -999.00   -999.00   -999.00       0
      950810      6.59      8.56     25.85     33.47       2
      950811      5.17      5.02     20.72     20.07       2
      950812      1.95   -999.00      7.89   -999.00       1
      950813      2.66      0.31     10.75      1.27       2
      950814   -999.00   -999.00   -999.00   -999.00       0
      950815     16.26      0.17     64.34      0.65       3
      950816     17.60      8.80     68.90     33.88       3
      950817      9.84      6.33     39.25     24.84       2
      950818   -999.00   -999.00   -999.00   -999.00       0
      950819      4.05   -999.00     16.38   -999.00       1
      950820      3.32   -999.00     13.40   -999.00       1
      950821   -999.00   -999.00   -999.00   -999.00       0
      950822      5.91   -999.00     23.89   -999.00       1
      950823     17.49     10.18     67.82     37.33       4
      950824     56.07     33.96    209.97    122.05       4
      950825     88.01     27.80    324.41     98.15       5
      950826     68.14     16.96    252.72     61.60       4
      950827     53.96     13.66    197.66     48.93       5
      950828     55.55     14.33    201.81     50.78       5
      950829     68.18     10.68    248.01     37.29       5
      950830     61.33      5.81    225.72     20.64       5
      950831     72.63      9.18    266.26     32.46       5
      950901     66.52     22.65    244.25     80.04       5
      950902     48.82     11.43    180.79     40.94       4
      950903     33.17      7.75    123.49     27.53       5
      950904     29.69      5.58    110.13     20.08       5
      950905     15.72      7.93     58.23     28.70       5
      950906      5.90      4.29     21.94     15.64       4
      950907      0.76   -999.00      2.95   -999.00       1
      950908   -999.00   -999.00   -999.00   -999.00       0
      950909   -999.00   -999.00   -999.00   -999.00       0
      950910   -999.00   -999.00   -999.00   -999.00       0
      950911   -999.00   -999.00   -999.00   -999.00       0
      950912      3.39      2.22     13.32      8.37       3
      950913      0.61      0.09      2.45      0.38       2
      950914   -999.00   -999.00   -999.00   -999.00       0
      950915      4.47      2.13     17.41      8.50       4
      950916      0.60   -999.00      2.41   -999.00       1
      950917   -999.00   -999.00   -999.00   -999.00       0
      950918   -999.00   -999.00   -999.00   -999.00       0
      950919     12.42      4.38     45.11     15.52       4
      950920     24.59     10.54     90.45     37.32       5
      950921     73.86     73.88    263.69    254.21       4
      950922     46.45      8.26    174.41     29.29       4
      950923     40.76      8.12    156.19     29.48       5
      950924     28.48      9.35    111.32     34.97       3
      950925     26.75     14.33    105.61     54.43       2
      950926     18.57      4.78     73.71     18.53       5
      950927     14.30      9.68     57.11     38.27       5
      950928      7.90      7.72     31.48     30.53       2
      950929      2.48      1.21      9.82      4.63       2
      950930      1.45   -999.00      5.85   -999.00       1
      951001   -999.00   -999.00   -999.00   -999.00       0
      951002   -999.00   -999.00   -999.00   -999.00       0
      951003   -999.00   -999.00   -999.00   -999.00       0
      951004   -999.00   -999.00   -999.00   -999.00       0
      951005   -999.00   -999.00   -999.00   -999.00       0
      951006   -999.00   -999.00   -999.00   -999.00       0
      951007      6.64      0.55     24.24      2.01       3
      951008     24.72     14.13     90.53     51.12       4
      951009     65.95     10.73    240.78     38.37       5
      951010     87.40     27.42    320.72     96.49       4
      951011    161.83     56.26    586.81    198.48       5
      951012    287.74     85.90   1022.15    293.78       5
      951013    275.97     68.26    981.72    237.27       5
      951014    256.56     35.85    918.89    123.56       5
      951015    224.72     18.37    805.02     63.61       5
      951016    212.71     34.61    765.86    120.46       5
      951017    180.33     13.13    646.74     45.85       4
      951018    142.17     21.76    509.00     77.33       5
      951019     79.64     12.52    285.13     43.18       4
      951020     40.05     11.87    145.29     41.94       4
      951021     41.26      7.41    151.19     26.25       5
      951022     68.17     12.37    248.34     44.24       4
      951023     70.30     15.99    259.22     57.52       5
      951024     60.12     10.06    224.71     36.14       5
      951025     48.60     25.73    182.03     93.96       5
      951026     30.67     17.16    115.75     62.84       3
      951027     17.61      8.76     67.87     32.76       5
      951028      8.63      3.32     34.10     12.71       5
      951029      4.32      0.51     17.44      2.05       2
      951030   -999.00   -999.00   -999.00   -999.00       0
      951031   -999.00   -999.00   -999.00   -999.00       0
      951101   -999.00   -999.00   -999.00   -999.00       0
      951102      5.55      0.05     22.41      0.19       2
      951103   -999.00   -999.00   -999.00   -999.00       0
      951104      5.22   -999.00     21.10   -999.00       1
      951105   -999.00   -999.00   -999.00   -999.00       0
      951106      9.93      4.89     36.59     17.63       3
      951107     25.99      6.95     94.75     24.71       4
      951108     53.23      7.24    193.70     26.79       4
      951109     58.20      6.91    212.53     24.52       4
      951110     68.71     13.50    250.95     47.49       5
      951111     78.77      7.43    288.40     25.98       5
      951112     75.97     10.26    277.59     36.15       4
      951113     69.77     20.90    255.89     73.77       4
      951114     75.54      4.07    274.06     14.13       4
      951115     70.23     12.81    258.69     45.39       4
      951116     50.50      4.85    187.59     17.13       4
      951117     33.97      6.37    128.54     23.55       4
      951118     23.96      1.22     90.02      2.77       3
      951119     15.75      7.62     60.13     28.19       3
      951120     16.52      0.95     63.75      3.65       3
      951121      7.46      2.89     29.81     11.00       4
      951122      6.14      0.03     24.83      0.14       2
      951123      5.90   -999.00     23.83   -999.00       1
      951124   -999.00   -999.00   -999.00   -999.00       0
      951125   -999.00   -999.00   -999.00   -999.00       0
      951126   -999.00   -999.00   -999.00   -999.00       0
      951127   -999.00   -999.00   -999.00   -999.00       0
      951128      6.00      2.81     23.93     10.74       4
      951129     14.03      5.51     54.52     20.47       5
      951130     27.18     10.09    103.22     37.09       5
      951201     38.64     14.06    144.77     50.87       3
      951202     24.04     12.44     91.06     45.80       3
      951203     12.44      5.17     47.84     19.40       4
      951204     12.95      4.88     48.89     18.17       5
      951205     21.71      5.60     81.03     20.24       5
      951206     33.10     18.82    122.92     67.71       3
      951207     55.39     17.34    203.47     61.90       3
      951208     45.65      8.82    169.88     31.85       3
      951209     64.86     10.77    240.63     38.18       4
      951210     62.67     14.17    233.22     51.12       4
      951211     56.17      9.61    206.14     33.66       2
      951212     48.18      8.62    176.04     30.02       4
      951213     28.86      7.24    106.21     26.02       3
      951214     10.92      4.62     40.66     16.73       5
      951215      2.52      1.33      9.54      5.08       4
      951216   -999.00   -999.00   -999.00   -999.00       0
      951217   -999.00   -999.00   -999.00   -999.00       0
      951218   -999.00   -999.00   -999.00   -999.00       0
      951219      0.91      0.16      3.68      0.63       2
      951220      3.99      3.33     15.66     12.62       3
      951221      3.77      0.95     15.12      3.59       5
      951222      4.28      0.36     17.31      1.45       4
      951223      5.52   -999.00     22.30   -999.00       1
      951224   -999.00   -999.00   -999.00   -999.00       0
      951225      7.64      3.45     30.42     13.17       3
      951226     10.04      2.68     40.21     10.51       4
      951227     10.98      5.04     43.48     19.67       5
      951228      8.78      6.52     34.63     24.66       4
      951229   -999.00   -999.00   -999.00   -999.00       0
      951230   -999.00   -999.00   -999.00   -999.00       0
      951231   -999.00   -999.00   -999.00   -999.00       0
