Thu Jul 10 10:35:32 2014   calc_spotindex_Apr12.pro
SSB :  2000 WITH AREA-DEPENDENT EXCESS: BOL= 0.32 UV320= 0.46
         101    232.50     30.71    300.36     40.41
         102    220.38     10.48    291.74     15.61
         103    247.08     25.13    336.45     35.61
         104    220.13      4.80    297.56      6.85
         105    169.57     26.09    225.40     36.54
         106    151.07     19.72    193.18     27.36
         107    128.26     14.20    153.68     21.65
         108    115.90     25.11    131.52     30.32
         109     94.47     19.70    110.26     23.73
         110    122.28     33.88    142.97     41.02
         111    220.41     57.05    280.04     74.97
         112    413.96    154.26    539.76    201.97
         113    486.44     87.10    645.23    119.56
         114    506.44    105.67    672.36    137.64
         115    573.64     73.82    769.89    102.29
         116    558.83     75.66    757.72    106.04
         117    556.80     75.57    762.18    101.41
         118    399.17     37.15    543.89     52.56
         119    346.17     95.55    470.35    128.73
         120    359.62     95.11    481.24    128.00
         121    395.27     97.20    494.24    126.64
         122    216.95     25.64    262.77     38.04
         123    145.75     39.66    179.31     50.38
         124    150.57     20.70    192.21     29.25
         125    186.86     24.84    245.17     35.56
         126    211.92     34.54    280.78     46.25
         127    174.56     16.12    228.35     21.45
         128    193.31     50.43    242.60     62.38
         129    128.99     36.88    164.32     49.13
         130     89.62     22.56    116.53     30.21
         131    106.57     14.42    138.46     18.81
         201    137.51     32.81    182.48     44.02
         202    121.62     21.26    158.99     29.50
         203    176.57     81.95    222.72     99.24
         204    348.85    315.29    405.06    343.83
         205    219.58     65.36    267.52     82.56
         206    190.49     98.48    238.03    127.31
         207    280.04     55.38    360.78     72.06
         208    290.60     40.00    372.20     53.31
         209    240.74     46.90    299.53     61.82
         210    227.78     42.53    290.31     50.88
         211    221.04     16.73    296.22     26.82
         212    231.21     43.19    311.59     59.96
         213    237.46     58.01    318.54     77.35
         214    201.61     39.51    267.71     54.02
         215    180.16     27.91    231.83     38.24
         216    255.86     55.04    328.50     69.87
         217    236.37     53.04    306.47     69.97
         218    205.78     30.66    259.79     37.94
         219    214.39     13.94    267.04     20.93
         220    242.63     59.37    296.24     68.65
         221    300.66     28.19    361.49     38.60
         222    289.50     40.98    352.78     53.42
         223    348.61     10.87    439.35     19.53
         224    486.94     97.63    626.68    124.91
         225    656.12    145.13    841.20    179.80
         226    886.83    187.84   1150.16    241.92
         227   1375.90    282.63   1801.24    328.70
         228   1437.77    150.33   1936.65    208.42
         229   2136.99   1003.36   2900.35   1347.40
         301   1321.14    214.22   1793.39    286.15
         302   1167.97    166.17   1573.03    200.24
         303    919.12    237.42   1221.38    326.43
         304    699.60    135.90    933.13    170.16
         305    702.94     55.25    932.61     72.80
         306    704.43    102.63    936.69    139.20
         307    769.92   -999.00   1026.68   -999.00
         308    641.31     76.86    841.25     85.53
         309    661.47     90.18    876.16    119.29
         310    681.01     50.92    879.57     64.85
         311    699.20     81.38    913.37    100.83
         312    736.38     47.66    976.40     63.31
         313    727.17     50.13    981.23     54.65
         314    809.79     35.23   1109.91     46.43
         315    624.23      3.82    863.53      8.00
         316    540.54     97.91    729.20    138.77
         317    507.03     83.84    664.68    116.84
         318    527.30    166.81    681.68    218.61
         319    756.59     92.98   1001.62    110.40
         320    818.92     81.78   1086.69    107.68
         321    874.63     84.61   1134.76    103.02
         322    961.67    133.95   1202.59    182.51
         323    673.40     91.81    838.94    115.98
         324    658.41     87.15    849.10    118.27
         325    434.26     35.24    570.86     49.51
         326    580.69    165.05    762.11    214.96
         327    520.29    185.58    686.86    250.10
         328    588.48     74.95    792.00    113.94
         329    457.12    113.95    633.15    159.22
         330    442.31     74.63    600.04    100.52
         331    439.46     29.77    580.96     40.50
         401    626.42    157.28    823.85    211.16
         402    732.71    120.12    961.76    155.24
         403    493.04     33.19    658.48     45.17
         404    417.81     92.66    541.79    124.12
         405    328.94     91.94    422.98    120.39
         406    235.02     49.68    302.77     64.40
         407    214.70     22.70    266.94     27.18
         408    282.59     38.64    365.03     50.76
         409    229.20    100.24    298.97    134.43
         410    253.30     14.15    342.28     16.55
         411    221.90     50.83    292.03     67.41
         412    318.71     22.11    416.44     26.60
         413    391.49     42.29    511.07     56.89
         414    390.11     14.06    516.80     17.70
         415    355.86    116.83    478.02    154.47
         416    369.81     77.66    499.57    104.52
         417    334.04     39.92    450.47     53.59
         418    289.06     60.10    392.76     81.47
         419    253.11     63.26    334.10     84.93
         420    280.58     99.29    354.74    123.08
         421    390.89     72.38    463.36     90.95
         422    686.55     91.49    819.70    101.59
         423   1139.77     65.73   1436.49     89.76
         424   1312.03    170.91   1720.63    239.03
         425   1389.47     95.71   1879.80    142.17
         426   1490.64     79.20   2057.03    113.27
         427   1249.38    119.52   1746.06    159.75
         428   1206.43    161.08   1677.47    227.38
         429    866.64    125.46   1163.92    178.81
         430    651.83    153.79    828.74    207.76
         501    403.05    143.76    469.38    179.44
         502    219.23     54.39    231.15     65.44
         503     95.26     63.79    103.00     65.26
         504     58.80     16.39     75.37     22.35
         505     29.77      8.51     37.06     11.60
         506     43.32     32.88     57.24     43.66
         507     45.39     16.37     60.49     21.98
         508     70.22     31.93     91.24     42.68
         509    143.83     63.04    188.40     83.32
         510    248.95     34.04    331.31     46.96
         511    465.62     28.52    638.30     40.78
         512    598.67     63.32    788.98     82.30
         513    833.00     62.66   1029.81     73.67
         514    851.19    210.80   1025.43    257.32
         515   1101.63    131.51   1358.03    156.93
         516   1295.87     32.37   1653.04     50.73
         517   1500.62    126.74   2018.41    166.72
         518   1663.40     49.22   2284.75     60.49
         519   1427.58    203.23   1972.90    287.34
         520   1691.34     78.41   2323.50    104.16
         521   1614.19    238.18   2186.75    329.39
         522   1104.47    199.60   1456.37    269.12
         523    607.14     71.85    778.20     97.86
         524    533.91     92.38    666.72    115.10
         525    338.87     62.55    396.20     69.59
         526    311.01     85.19    355.15    102.75
         527    565.08    411.93    706.96    527.39
         528    520.07     95.63    677.78    131.08
         529    514.78     74.98    688.26     92.47
         530    501.26     40.01    694.99     50.65
         531    512.00     53.46    724.10     77.63
         601    556.59    155.13    755.47    196.38
         602    627.49    303.24    789.32    369.99
         603    523.32     47.64    639.46     60.88
         604    556.40     55.54    690.31     65.32
         605    518.08     82.60    666.15    109.98
         606    635.14    144.80    837.18    183.74
         607    581.52    100.20    765.12    132.75
         608    521.13     97.68    677.65    124.50
         609    572.85     95.18    751.71    120.83
         610    545.90      1.90    723.76      0.05
         611    648.55    122.83    867.86    164.00
         612    862.75    172.72   1160.19    233.88
         613    739.49     45.14    980.24     59.03
         614    715.85    187.53    921.76    254.02
         615    638.39     71.37    795.34     84.76
         616    733.22    123.36    916.47    149.22
         617    647.17     59.21    830.56     84.13
         618    715.15     23.63    954.94     35.97
         619    697.25     63.71    941.78     84.59
         620    704.45    181.94    954.46    249.93
         621    499.22     53.99    661.94     60.70
         622    395.62     89.25    499.06    117.06
         623    392.78     68.47    477.92     82.64
         624    416.85     36.27    530.96     49.47
         625    524.60    100.45    697.62    138.04
         626    658.88    156.41    884.01    207.63
         627    743.94    142.57    985.07    186.34
         628    776.01     52.65   1034.28     69.54
         629    655.80     72.83    873.00     95.29
         630    653.48     18.37    850.50     30.80
         701   1163.74    827.80   1473.87   1044.48
         702    448.72     34.69    570.46     41.34
         703    415.27     50.11    532.66     67.29
         704    426.68     58.50    556.36     76.53
         705    495.16     45.53    661.75     62.96
         706    586.32     79.08    801.75    110.15
         707    553.92    144.21    756.09    197.17
         708    787.09    304.30   1053.93    398.65
         709    894.46    157.79   1150.69    191.29
         710   1856.86   1863.37   2302.39   2265.50
         711   1018.49     86.41   1283.63    101.90
         712   1100.17    113.81   1400.91    142.40
         713    892.11    147.42   1150.98    175.33
         714    598.19    118.02    795.86    159.29
         715    582.47    103.95    786.31    141.98
         716    631.22     74.97    848.15    103.08
         717    834.58    101.92   1114.90    135.68
         718    636.56    434.32    853.98    582.53
         719    835.34    164.39   1121.43    204.94
         720   1246.69    218.75   1653.70    292.80
         721   1197.16    101.18   1606.90    123.13
         722   1070.12    123.63   1441.08    172.15
         723    991.17     86.73   1335.42    115.33
         724    843.43     72.63   1130.60     90.68
         725    776.17    128.17   1038.86    164.74
         726    512.35     85.64    680.55    115.13
         727    318.66     33.48    405.58     40.93
         728    273.84     41.87    344.14     51.23
         729    262.99     27.20    335.14     35.24
         730    240.82     35.40    306.54     45.82
         731    219.44     17.27    281.68     20.49
         801    249.66     42.49    325.84     55.80
         802    224.25     25.74    299.27     35.14
         803    201.08     22.65    267.50     31.07
         804    186.98     31.07    235.63     38.03
         805    282.41     66.11    357.65     86.45
         806    318.33     38.25    412.33     55.91
         807    302.44     16.30    399.50     25.97
         808    482.55     90.20    656.35    127.66
         809    449.25     22.43    615.75     29.52
         810    391.14     38.71    532.15     51.24
         811    394.80      9.95    524.88     13.91
         812    321.20     39.38    404.19     43.49
         813    255.93     42.17    309.23     50.41
         814    399.05    200.96    491.06    236.59
         815    411.71     60.67    549.64     84.09
         816    407.09     51.63    556.67     74.66
         817    418.60     61.96    571.66     84.58
         818    434.04     51.67    596.07     69.27
         819    298.83    114.33    406.40    154.41
         820    255.11     38.29    340.34     51.17
         821    227.83     34.11    300.68     47.70
         822    204.93     30.82    272.50     42.78
         823    205.31     41.00    274.35     56.22
         824    159.54     86.53    198.52    108.59
         825    145.54      6.16    172.67      8.85
         826    215.23     28.75    275.51     33.25
         827    336.18     88.21    442.58    120.76
         828    399.08     50.22    527.24     65.47
         829    493.75    156.04    645.39    202.76
         830    448.24     56.84    582.79     76.35
         831    408.02     90.61    533.92    117.91
         901    427.56     90.11    574.73    124.52
         902    382.03     33.63    526.88     45.27
         903    319.30     63.64    444.98     90.22
         904    335.13      2.77    464.32      4.75
         905    450.62   -999.00    620.92   -999.00
         906    484.05    120.06    647.47    153.80
         907    432.72    145.97    556.20    191.58
         908    346.76    137.69    420.05    170.28
         909    166.32    108.14    188.44    124.09
         910     36.99     16.57     38.21     17.10
         911      4.51      3.74      3.98      2.30
         912     13.80      5.18     17.52      6.83
         913     29.92      7.70     38.28      9.66
         914    226.65    142.47    305.32    195.89
         915    375.74    108.23    508.02    146.78
         916    346.66     27.44    467.90     36.63
         917    340.32     95.84    445.08    123.75
         918    581.04     92.19    709.53    100.40
         919   1014.71     50.14   1212.35     61.98
         920   1177.39    251.24   1495.73    331.01
         921   1589.06     28.54   2133.12     39.72
         922   1711.65    201.16   2359.43    285.42
         923   1880.12    193.52   2638.22    269.04
         924   1708.97     52.73   2410.35     88.64
         925   1258.38     91.65   1734.89    125.25
         926    965.31    125.54   1285.08    157.85
         927    787.01     98.37   1019.70    142.87
         928    478.32    106.28    587.69    144.90
         929    440.33     51.78    529.42     61.98
         930    403.98     52.38    539.68     74.75
        1001    475.28     60.74    648.55     83.79
        1002    563.55    157.67    758.04    203.50
        1003    535.68     33.54    702.51     40.28
        1004    492.87     31.52    634.38     41.03
        1005    379.82     54.59    480.19     67.56
        1006    256.61     68.51    320.74     87.45
        1007    182.33     25.33    229.86     33.06
        1008   1074.19   1595.75   1382.55   2066.63
        1009    152.27     44.26    197.20     49.94
        1010    146.61     22.64    194.74     30.09
        1011    235.07     33.95    303.35     43.86
        1012    208.28     37.95    260.65     45.78
        1013    202.77     37.73    250.30     49.46
        1014    165.84     37.23    211.34     47.33
        1015    178.75     45.50    225.82     57.91
        1016    142.97     51.74    173.65     65.51
        1017    156.49     56.21    192.01     69.23
        1018    190.99     66.65    242.58     85.76
        1019    160.67     24.49    211.82     31.45
        1020    309.39    110.55    421.90    151.88
        1021    287.82     62.21    395.71     86.73
        1022    254.67     40.64    348.64     58.28
        1023    171.84     40.16    230.64     52.65
        1024    636.92    759.82    869.39   1052.95
        1025    150.21     25.76    183.87     28.58
        1026    127.50     41.93    154.40     49.43
        1027    142.42     38.44    169.89     44.24
        1028    155.35      3.46    179.95      3.57
        1029    320.09     51.43    381.54     68.51
        1030    356.94     48.35    453.34     57.23
        1031    340.31     19.65    453.54     27.22
        1101    446.54     61.65    602.08     83.81
        1102    563.85    101.76    766.67    136.28
        1103    729.19    293.34   1014.71    416.68
        1104    584.43   -999.00    802.93   -999.00
        1105    443.82    106.93    595.27    144.45
        1106    360.60     54.44    474.40     71.02
        1107    304.08    100.23    397.96    132.62
        1108    304.63     39.96    391.95     52.86
        1109    267.66     51.04    348.27     71.76
        1110    286.21     36.50    376.84     47.75
        1111    236.99     41.78    314.21     56.24
        1112    225.29     22.18    305.82     30.68
        1113    218.42     51.96    295.23     67.61
        1114    574.25    579.60    750.03    768.06
        1115    319.93     21.02    403.35     25.80
        1116    323.29     53.29    408.88     65.85
        1117    293.37     78.22    376.10     98.94
        1118    253.64     43.56    329.44     54.60
        1119    394.05     48.79    520.22     69.67
        1120    557.64    101.10    741.93    128.73
        1121    521.27     88.54    687.69    116.14
        1122    471.57     76.88    616.04    105.70
        1123    444.99     39.80    570.77     46.46
        1124    456.93    128.90    600.12    170.11
        1125    549.61     95.46    740.73    125.58
        1126    577.79     47.41    776.12     61.43
        1127    538.26     86.50    713.16    114.54
        1128    570.73     73.45    757.44     90.98
        1129    545.82     35.91    727.32     48.86
        1130    490.70     95.37    665.11    129.12
        1201    362.05     99.78    490.63    134.22
        1202    272.40     89.89    363.83    121.57
        1203    241.12      7.62    312.32     17.33
        1204    111.15     25.67    131.59     31.00
        1205     93.08      8.04    113.93     10.47
        1206    125.55     24.22    162.98     32.10
        1207    161.13     26.11    207.35     33.19
        1208    102.92     10.01    142.51     13.15
        1209     82.28     28.25    107.09     37.46
        1210     60.42   -999.00     76.97   -999.00
        1211    101.51     34.92    127.37     44.16
        1212    165.39     74.42    220.33    104.23
        1213    226.25     36.16    306.81     49.12
        1214    249.59     58.10    342.05     79.81
        1215    443.55     63.93    595.60     87.77
        1216    375.24     65.93    502.29     90.63
        1217    490.98    249.39    655.14    348.43
        1218    233.53     37.16    296.59     46.17
        1219    232.31     14.89    285.36     19.35
        1220    316.35     80.36    381.02     96.57
        1221    306.91    149.74    386.46    197.29
        1222    417.15     52.31    546.45     74.69
        1223    467.10     45.91    628.49     61.63
        1224    522.03     15.17    707.56     20.19
        1225    388.47    142.38    528.96    195.88
        1226    474.15     46.50    651.83     62.30
        1227    432.73     49.47    572.98     57.02
        1228    511.05     68.20    635.45     82.23
        1229    452.92    189.18    573.32    242.52
        1230    643.00    145.96    848.87    200.41
        1231    685.09     15.73    938.91      8.61
