Tue Feb 12 16:10:59 2013   calc_spotindex_Apr12.pro
SSB :  2012 WITH AREA-DEPENDENT EXCESS: BOL= 0.32 UV320= 0.46
      120101    271.02     53.63    365.93     75.03
      120102    275.29     50.73    378.40     70.54
      120103    289.02     75.11    384.30    102.84
      120104    374.62     71.81    479.75     96.35
      120105    309.08     65.48    391.59     85.67
      120106    355.25     66.74    454.67     81.91
      120107    380.57     39.61    501.66     54.54
      120108    323.49      1.37    421.02      4.12
      120109    376.81    149.05    477.52    191.20
      120110    367.07     99.97    462.46    132.62
      120111    215.08     92.07    265.97    112.71
      120112     93.56     53.99    119.60     68.88
      120113     67.23      2.50     86.05      6.49
      120114    159.48     70.42    207.14     90.56
      120115    177.88     34.60    211.54     38.58
      120116    225.67     26.78    249.18     32.86
      120117    393.01      2.80    465.85     17.00
      120118    431.04     54.78    549.14     63.04
      120119    586.45    126.13    780.79    164.97
      120120    471.89    103.74    644.45    141.87
      120121    481.47     43.81    650.81     54.93
      120122    405.37     35.51    534.82     39.50
      120123    291.30     39.75    376.04     50.99
      120124    224.26     25.98    275.89     41.94
      120125    106.19      8.32    129.02      8.34
      120126    112.88     17.80    140.31     23.84
      120127     80.84     14.75    101.60     21.23
      120128    134.16   -999.00    172.12   -999.00
      120129    127.70     22.58    164.83     30.35
      120130    162.97     51.64    215.85     68.94
      120131    176.95     34.96    238.46     44.26
      120201    212.53     32.51    291.32     42.80
      120202    174.61   -999.00    240.61   -999.00
      120203    159.14   -999.00    218.77   -999.00
      120204    104.46     30.64    136.14     43.85
      120205     59.70      6.96     71.52     13.72
      120206     64.51     29.43     70.51     39.88
      120207     26.49     16.47     24.31     16.64
      120208     18.80      0.14     21.38      0.01
      120209     37.68     15.21     49.28     23.71
      120210    141.41    107.75    195.88    154.12
      120211    312.96     52.17    443.39     77.77
      120212    304.21   -999.00    392.94   -999.00
      120213    216.14     48.51    291.64     70.22
      120214    127.82     76.07    165.56    104.57
      120215    115.83     16.97    143.11     22.39
      120216     95.52     27.79    117.10     36.70
      120217     91.37     33.77    118.08     40.04
      120218     30.23      0.32     37.94      3.02
      120219     88.30     17.97    120.76     26.64
      120220    212.83     53.58    293.95     74.63
      120221    218.72     73.58    300.39    103.62
      120222    129.36     13.43    170.80     21.87
      120223     63.78   -999.00     72.32   -999.00
      120224     70.07   -999.00     77.54   -999.00
      120225     74.33     17.83     82.12     21.41
      120226    291.61    339.34    363.64    416.89
      120227     56.55      8.34     76.04     10.28
      120228     90.01   -999.00    124.03   -999.00
      120229     71.43     12.78     98.92     17.68
      120301     48.24      7.34     66.49     10.13
      120302     76.78     51.91    102.86     69.14
      120303     72.19      7.40     84.91     17.23
      120304    207.41     50.16    229.56     65.71
      120305    465.83    158.26    580.55    231.57
      120306    732.52    136.28    958.41    189.32
      120307   1023.78    125.50   1393.07    181.07
      120308    836.89   -999.00   1155.68   -999.00
      120309    611.81   -999.00    840.69   -999.00
      120310   -999.00   -999.00   -999.00   -999.00
      120311    420.83     81.86    532.27     96.09
      120312    220.26     19.57    268.98     21.82
      120313    204.91   -999.00    245.32   -999.00
      120314    150.52     10.24    185.86      7.41
      120315    759.39   1096.95   1046.37   1512.28
      120316    112.60     52.00    155.58     74.18
      120317    118.66     12.38    160.44     16.87
      120318    135.11   -999.00    181.45   -999.00
      120319     98.28     60.93    121.43     81.17
      120320     79.64     36.99     85.92     46.15
      120321     49.45     15.10     56.78     12.08
      120322     50.90     10.14     62.08     10.82
      120323     51.48      7.32     63.11      6.97
      120324     53.84   -999.00     64.57   -999.00
      120325     79.76     22.32     97.23     25.44
      120326    112.51     53.08    147.74     66.60
      120327    172.78     26.48    232.15     36.55
      120328    169.75      4.09    232.71      7.42
      120329    207.05     36.46    284.24     49.77
      120330    129.98     60.19    176.98     85.07
      120331     89.61     22.80    118.20     32.52
      120401     61.27     17.46     76.79     23.86
      120402     76.89     22.41     97.05     27.85
      120403     85.69     52.69    110.76     67.85
      120404     84.21     50.45    109.60     62.24
      120405     87.35      3.95    117.82      8.11
      120406     86.43     27.14    111.00     35.03
      120407     85.42     74.04    106.00     94.95
      120408     46.84     38.42     51.49     46.33
      120409     13.79   -999.00     12.60   -999.00
      120410      7.30   -999.00      9.36   -999.00
      120411     18.32      5.74     24.30      8.25
      120412     61.84     18.11     86.15     23.84
      120413     88.17     69.63    123.22     97.96
      120414    107.71     60.78    145.91     84.79
      120415     87.61     50.51    109.93     70.82
      120416    139.33   -999.00    162.46   -999.00
      120417     79.36      4.43     95.69      1.58
      120418    218.74     53.26    288.37     64.66
      120419    503.56    316.17    689.25    432.79
      120420    824.15     63.70   1123.72     80.38
      120421    830.28     82.71   1123.79    116.43
      120422    687.56     87.24    917.08    108.09
      120423    693.28    305.91    926.54    420.97
      120424    452.64    133.19    607.20    178.69
      120425    330.34    133.20    440.93    178.05
      120426    256.48     25.86    342.41     28.64
      120427    182.36     38.71    238.82     53.01
      120428    152.13     83.76    194.68    112.94
      120429    163.24     10.66    196.33     19.03
      120430    221.16     45.58    270.43     58.03
      120501    238.61     33.89    311.85     44.30
      120502    269.24      8.08    363.36     16.04
      120503    270.27     30.01    364.91     40.76
      120504    266.77     37.28    362.70     49.54
      120505    102.80     63.37    124.00     82.15
      120506    282.86     37.55    321.49     31.65
      120507    314.28      9.25    371.40     13.24
      120508    434.32     40.97    538.44     44.70
      120509    617.86     59.32    812.51     66.88
      120510    695.89     49.11    945.21     55.10
      120511    795.78     30.47   1114.20     40.49
      120512    717.95     41.51   1000.94     56.35
      120513    610.39    133.89    829.52    190.12
      120514    312.16    178.54    413.47    241.59
      120515    232.42    123.10    302.77    161.51
      120516    282.83   -999.00    365.50   -999.00
      120517    316.86     27.87    427.19     34.11
      120518    430.59    142.54    587.42    199.68
      120519    381.45    168.16    516.91    228.88
      120520    366.47    131.71    489.04    175.61
      120521    333.85     92.06    438.71    118.43
      120522    264.16    107.77    340.02    143.06
      120523    192.92     32.48    245.68     38.29
      120524    170.04     69.70    215.21     83.35
      120525    144.42      6.97    182.45      9.17
      120526    168.39     48.77    211.34     62.25
      120527    159.18     15.39    202.47     21.33
      120528    220.54     51.36    290.51     64.66
      120529    233.35     50.95    319.37     67.58
      120530    182.37     52.94    253.85     72.80
      120531    139.00     19.55    186.41     17.49
      120601    265.11    105.48    313.48    113.56
      120602    214.82     32.99    262.84     36.47
      120603    237.28      3.00    310.57      4.99
      120604    352.23   -999.00    482.53   -999.00
      120605    380.44   -999.00    530.38   -999.00
      120606   -999.00   -999.00   -999.00   -999.00
      120607    280.46     47.35    383.46     69.63
      120608    144.10   -999.00    187.75   -999.00
      120609    125.42     16.78    157.15     25.67
      120610    127.94   -999.00    149.87   -999.00
      120611   -999.00   -999.00   -999.00   -999.00
      120612    369.72      8.10    478.07     23.46
      120613    476.76   -999.00    652.80   -999.00
      120614    532.22     15.39    744.36     22.23
      120615    590.60     21.60    826.51     35.30
      120616    619.34     58.90    852.71     74.60
      120617    493.20     23.56    647.67     44.43
      120618    314.31    128.22    391.31    170.41
      120619    212.12     52.32    243.54     69.75
      120620     75.68     29.62     71.54     35.09
      120621     12.93      1.05     13.51      5.39
      120622     16.28      3.69     23.08      5.25
      120623     13.00      3.79     18.08      5.42
      120624      8.69      9.65     11.49     13.20
      120625     20.33      4.99     24.51      6.18
      120626     37.04     26.19     46.07     36.89
      120627    201.31     62.64    261.65     83.96
      120628    263.52    112.05    346.28    145.70
      120629    318.94     62.39    420.06     77.31
      120630    593.18    319.40    790.74    429.47
      120701    492.32    225.72    668.72    309.65
      120702    520.04    178.55    718.93    245.19
      120703    611.37    218.85    847.26    299.92
      120704    494.89    125.44    683.49    177.80
      120705    536.34    112.85    706.78    155.05
      120706    497.35    157.91    612.24    208.85
      120707    383.17     16.31    423.65     17.34
      120708    558.17     52.14    643.48     63.18
      120709    773.98    144.54    976.32    192.89
      120710    823.59     96.15   1096.63    150.56
      120711    803.38    230.25   1109.60    311.17
      120712   1143.92    189.98   1598.82    268.43
      120713    740.90     83.50   1020.67    123.29
      120714    674.14    140.61    900.68    203.34
      120715    529.67     69.39    672.64    106.78
      120716    186.97   -999.00    223.60   -999.00
      120717    160.33     50.59    168.03     57.52
      120718     79.14     26.30     84.83     34.42
      120719     48.54      9.31     60.09     11.57
      120720     36.58     15.52     47.41     20.55
      120721     41.15   -999.00     56.45   -999.00
      120722     20.98   -999.00     28.64   -999.00
      120723     40.47     23.10     46.94     27.09
      120724    105.24     45.47    121.26     62.58
      120725     82.47      9.78     93.49     14.13
      120726     99.29     29.02    122.08     37.67
      120727    142.30     29.85    174.98     38.19
      120728    232.59    111.91    298.67    139.41
      120729    389.67    143.93    512.35    194.02
      120730    389.08     39.07    516.47     48.81
      120731    372.34     12.37    496.01      9.03
      120801    372.64     18.27    487.20     19.78
      120802    348.45     33.76    444.80     36.92
      120803    340.68     38.98    439.75     52.39
      120804    334.87     20.96    436.62     27.25
      120805    260.83   -999.00    334.83   -999.00
      120806    263.22   -999.00    340.67   -999.00
      120807    200.06     41.69    256.14     54.94
      120808    201.50     71.61    245.73     86.68
      120809    318.63     56.36    395.33     70.26
      120810    299.97     50.11    382.17     69.53
      120811    237.12     34.42    313.98     45.65
      120812    178.62     27.36    244.90     37.25
      120813    210.43     41.36    294.83     60.89
      120814    175.02     17.12    244.73     23.51
      120815    198.74      9.62    271.58     13.02
      120816    168.53   -999.00    220.29   -999.00
      120817    129.32      2.40    156.54      1.48
      120818     73.06     16.76     78.93     20.38
      120819     62.20     18.06     72.67     18.85
      120820     57.26     18.90     74.14     22.94
      120821     90.31      0.43    122.21      2.71
      120822     47.16   -999.00     64.04   -999.00
      120823     59.41     30.77     74.09     38.30
      120824     98.65     18.34    131.28     25.83
      120825    197.35     16.65    260.66     26.61
      120826    218.48     58.73    280.36     79.92
      120827    175.69     29.57    227.88     36.67
      120828    162.16     56.00    215.51     73.74
      120829    143.03      9.00    192.07     10.02
      120830    172.18     40.35    226.41     52.46
      120831    268.67     29.78    351.62     37.27
      120901    258.29     10.83    340.79     12.71
      120902    288.77     36.33    385.79     45.95
      120903    306.72     78.21    409.53    104.05
      120904    324.05     77.48    432.90     97.33
      120905    277.07    154.51    366.12    210.58
      120906    211.16     27.13    273.34     29.69
      120907    217.61     72.84    277.59     99.89
      120908    149.21     10.78    186.36      4.67
      120909    144.52     53.64    187.62     68.14
      120910     86.60     20.10    110.81     25.49
      120911    102.31     30.69    123.29     35.99
      120912     94.55     40.44    112.52     48.09
      120913    123.87     17.99    153.71     22.13
      120914    123.14     25.40    162.62     34.31
      120915    166.26     17.54    227.75     25.16
      120916    128.56      8.38    178.03     12.38
      120917     86.15     51.71    119.00     71.59
      120918     78.98     23.31     99.66     22.47
      120919     83.24      7.56     92.89     12.69
      120920    138.12     10.98    154.26     10.51
      120921    136.15      3.25    163.70      4.87
      120922    156.47     55.58    209.37     72.85
      120923    229.67     14.01    314.25     17.44
      120924    182.15     13.26    254.22     21.60
      120925    242.77     44.65    324.02     59.63
      120926    265.89     69.91    348.69    102.14
      120927    186.40     43.96    230.29     54.55
      120928    231.56   -999.00    290.63   -999.00
      120929    319.57     68.07    416.12     86.42
      120930    311.53     33.32    423.72     42.29
      121001    344.94     26.28    476.42     33.54
      121002    463.24    147.70    621.10    202.67
      121003    303.88     44.86    398.71     63.07
      121004    240.92      2.13    305.76      2.33
      121005    202.22     36.66    249.85     47.60
      121006    155.65     34.04    189.15     39.40
      121007    106.66     21.81    128.32     21.14
      121008    121.23     49.81    160.00     65.27
      121009    144.65     16.51    186.09     19.57
      121010    112.29      9.97    134.57     13.89
      121011    174.67      8.92    212.04      8.75
      121012    184.65     11.21    231.43     16.35
      121013    210.52     31.01    271.67     37.86
      121014    257.52     66.48    343.41     88.65
      121015    322.61    138.93    435.55    189.96
      121016    294.92    118.66    399.99    166.03
      121017    246.68     91.90    326.85    113.46
      121018    207.54     29.82    274.56     43.91
      121019    217.26     43.74    271.79     46.99
      121020    225.76     22.08    285.05     33.92
      121021    312.52     25.69    392.13     39.05
      121022    309.92     14.75    390.41     16.14
      121023    366.57     64.56    479.18     84.24
      121024    291.23    140.78    387.32    194.31
      121025    391.38   -999.00    535.87   -999.00
      121026    477.15     62.68    659.97     88.35
      121027    427.40     78.68    588.78    104.56
      121028    227.27      9.24    307.01     11.94
      121029    197.02   -999.00    261.75   -999.00
      121030    133.60   -999.00    173.54   -999.00
      121031    149.19     68.72    185.66     90.28
      121101     96.98     36.33    117.69     48.80
      121102     73.21     52.80     88.90     66.89
      121103     23.67   -999.00     28.23   -999.00
      121104     22.90     10.34     27.85     11.99
      121105     23.61   -999.00     30.97   -999.00
      121106     43.47   -999.00     55.88   -999.00
      121107    107.17     69.50    127.34     89.10
      121108     47.54      9.85     47.09      5.03
      121109     82.80     65.73     94.87     73.68
      121110    117.70     13.50    145.64     13.58
      121111    221.17     20.10    288.05     28.00
      121112    538.19    260.23    703.31    344.01
      121113    404.01     37.86    537.78     51.85
      121114    425.49     89.77    571.79    120.52
      121115    346.23    143.58    467.23    187.35
      121116    313.39    123.36    420.74    166.15
      121117    295.60     96.26    400.14    134.84
      121118    315.24   -999.00    418.99   -999.00
      121119    317.75    128.47    432.04    170.44
      121120    285.05    119.14    392.25    162.07
      121121    300.04   -999.00    417.55   -999.00
      121122    366.46     54.43    509.35     78.84
      121123    477.63    122.25    657.55    175.44
      121124    198.63     85.98    261.99    116.62
      121125    177.10     11.18    226.41      6.01
      121126    213.92     76.29    276.38    100.99
      121127    206.89     17.37    260.47     27.05
      121128    303.40     44.90    359.98     46.96
      121129    291.84    109.22    352.44    132.86
      121130    246.21     50.01    313.86     51.66
      121201    234.27     42.98    321.33     57.09
      121202    164.60     33.65    230.13     47.64
      121203    173.44     88.52    243.25    125.23
      121204    170.30     19.20    240.61     27.40
      121205    111.09     23.73    150.65     35.89
      121206     61.98     19.28     81.00     27.34
      121207     36.00      1.99     42.05      3.60
      121208     23.71   -999.00     29.42   -999.00
      121209     55.84     21.88     74.75     28.16
      121210     62.51      9.59     87.92     13.50
      121211     93.26     47.12    131.46     66.61
      121212     80.84     14.72    112.67     20.32
      121213    129.14     43.91    176.98     61.20
      121214    126.23     32.87    166.32     45.30
      121215    156.06   -999.00    180.30   -999.00
      121216    123.68      1.21    134.68      3.13
      121217    163.22      2.08    190.53     12.56
      121218    158.39     17.41    205.20     22.73
      121219    200.95   -999.00    266.24   -999.00
      121220    245.99     56.70    330.36     79.08
      121221    227.57     36.08    310.28     47.91
      121222    251.03   -999.00    347.44   -999.00
      121223    196.71     80.89    271.75    112.35
      121224    188.14   -999.00    260.07   -999.00
      121225    170.11    120.05    231.64    161.27
      121226     89.39     16.69    121.19     22.55
      121227     49.34     27.89     60.24     38.41
      121228     55.99      4.32     59.54      7.41
      121229     62.60   -999.00     76.56   -999.00
      121230   -999.00   -999.00   -999.00   -999.00
      121231    120.97     22.98    160.03     31.69
