Thu Apr  5 10:49:56 2012   calc_spotindex_Apr12.pro
SSB :  2010 WITH AREA-DEPENDENT EXCESS: BOL= 0.32 UV320= 0.46
      100101   -999.00   -999.00   -999.00   -999.00
      100102   -999.00   -999.00   -999.00   -999.00
      100103   -999.00   -999.00   -999.00   -999.00
      100104   -999.00   -999.00   -999.00   -999.00
      100105   -999.00   -999.00   -999.00   -999.00
      100106   -999.00   -999.00   -999.00   -999.00
      100107     13.78   -999.00     13.79   -999.00
      100108      7.41   -999.00      7.66   -999.00
      100109     20.74      3.03     25.10      4.01
      100110     56.41     43.65     72.74     56.08
      100111    139.48     84.78    185.64    114.99
      100112    168.76     48.96    228.17     66.09
      100113    206.96     14.34    278.54     20.09
      100114    140.60     70.51    184.57     95.36
      100115    134.48     33.90    168.20     43.71
      100116     77.81     36.82     89.41     47.96
      100117     48.27     63.09     51.76     69.31
      100118      9.23      9.88      6.96      7.42
      100119   -999.00   -999.00   -999.00   -999.00
      100120      3.40      2.14      2.26      1.48
      100121     22.27   -999.00     19.42   -999.00
      100122     58.35     16.43     66.53     22.24
      100123    157.77     60.94    201.61     78.74
      100124    138.57     41.91    177.32     53.41
      100125     56.39     31.35     70.80     36.75
      100126     39.58     17.82     51.35     22.28
      100127     23.80   -999.00     33.44   -999.00
      100128     12.93     11.45     17.65     15.67
      100129      7.09      3.05      9.31      4.16
      100130      8.46      7.61     10.40      9.43
      100131     27.00     10.63     34.48     13.09
      100201     34.04      9.98     45.43     13.70
      100202     31.17      9.41     42.30     12.79
      100203     22.90     10.96     31.00     14.77
      100204      7.11      5.53      9.32      7.37
      100205    183.13    240.40    219.93    286.46
      100206     74.10     67.98     97.96     91.52
      100207     80.09     27.74    108.55     38.69
      100208    215.36    125.78    289.78    171.00
      100209    166.24     10.30    220.43     16.49
      100210    165.74     36.69    212.10     44.77
      100211    113.70     27.05    146.36     34.54
      100212     86.88      8.12    112.65     10.03
      100213     83.49     23.95    107.65     34.94
      100214     38.52     21.53     48.46     26.04
      100215     27.28      7.96     33.08      9.81
      100216     32.97      8.84     40.71     11.34
      100217     37.52      8.71     50.28     13.38
      100218     38.55     13.16     54.53     18.18
      100219     37.83     10.49     52.96     15.00
      100220     26.08      4.74     34.96      6.07
      100221     18.56      7.71     23.29      9.79
      100222      9.23      5.83      9.83      5.64
      100223     21.98     15.66     25.46     22.44
      100224     33.59     11.90     42.52     11.61
      100225     42.44     17.74     51.66     22.65
      100226     28.24      4.82     35.08      6.28
      100227     15.35      4.02     19.94      5.62
      100228      6.79      3.07      9.29      4.21
      100301     16.96     10.50     23.23     14.32
      100302     25.43      3.50     33.39      5.64
      100303     19.00      2.11     23.84      2.59
      100304     17.85      3.78     19.28      4.28
      100305      6.61      4.99      6.40      5.05
      100306   -999.00   -999.00   -999.00   -999.00
      100307   -999.00   -999.00   -999.00   -999.00
      100308   -999.00   -999.00   -999.00   -999.00
      100309   -999.00   -999.00   -999.00   -999.00
      100310     14.24   -999.00     19.51   -999.00
      100311     49.58     13.72     62.26     16.29
      100312     93.23     44.37    121.88     59.50
      100313    138.32     39.96    187.48     52.48
      100314    144.66     30.61    201.94     42.43
      100315    168.73     16.12    235.68     21.83
      100316    212.56    218.01    290.06    295.18
      100317     33.87      5.14     44.41      5.51
      100318     31.83      2.86     39.48      3.27
      100319      8.97      7.94     10.42      9.36
      100320     19.42     13.26     25.82     19.09
      100321     42.06      9.30     58.29     12.94
      100322     33.36     33.11     45.89     45.80
      100323      4.75      0.14      6.12      0.19
      100324     49.21     26.92     51.50     30.91
      100325    119.27     24.67    138.29     32.24
      100326    140.91     18.50    181.19     25.77
      100327    208.33     80.48    281.60    108.17
      100328    238.94     86.05    325.43    119.87
      100329    227.66     22.56    307.91     31.89
      100330    203.77     38.72    276.05     52.72
      100331    166.17      9.13    222.75     14.20
      100401    111.94      7.28    146.84      8.50
      100402     88.90     20.80    111.16     27.00
      100403     67.80      7.77     81.09     13.20
      100404     33.88     14.33     38.62     18.99
      100405     36.86     31.01     46.53     40.98
      100406     78.26     15.47    105.73     21.77
      100407     38.33      9.18     51.11     12.44
      100408     25.03     19.59     31.52     25.58
      100409      7.48      5.24      7.99      5.86
      100410      3.63      1.74      2.99      1.69
      100411     18.21   -999.00     25.75   -999.00
      100412      5.93      0.02      8.43      0.04
      100413      8.70      4.00     12.26      5.56
      100414      5.29   -999.00      7.33   -999.00
      100415   -999.00   -999.00   -999.00   -999.00
      100416   -999.00   -999.00   -999.00   -999.00
      100417   -999.00   -999.00   -999.00   -999.00
      100418   -999.00   -999.00   -999.00   -999.00
      100419   -999.00   -999.00   -999.00   -999.00
      100420   -999.00   -999.00   -999.00   -999.00
      100421   -999.00   -999.00   -999.00   -999.00
      100422      2.56   -999.00      2.96   -999.00
      100423   -999.00   -999.00   -999.00   -999.00
      100424   -999.00   -999.00   -999.00   -999.00
      100425   -999.00   -999.00   -999.00   -999.00
      100426   -999.00   -999.00   -999.00   -999.00
      100427      5.31   -999.00      7.37   -999.00
      100428      7.68      4.00     10.51      5.56
      100429      2.58   -999.00      2.98   -999.00
      100430      6.73      3.67      8.94      5.00
      100501      8.98      3.90     11.60      4.64
      100502     13.89      1.84     17.00      1.23
      100503     25.75     11.59     34.03     14.87
      100504     31.64      0.88     39.59      2.12
      100505     49.98     19.86     59.53     22.49
      100506     30.83      9.64     37.11     11.59
      100507      9.26      5.28      9.81      5.44
      100508      4.85      3.94      5.23      4.89
      100509   -999.00   -999.00   -999.00   -999.00
      100510   -999.00   -999.00   -999.00   -999.00
      100511   -999.00   -999.00   -999.00   -999.00
      100512   -999.00   -999.00   -999.00   -999.00
      100513   -999.00   -999.00   -999.00   -999.00
      100514   -999.00   -999.00   -999.00   -999.00
      100515   -999.00   -999.00   -999.00   -999.00
      100516   -999.00   -999.00   -999.00   -999.00
      100517   -999.00   -999.00   -999.00   -999.00
      100518   -999.00   -999.00   -999.00   -999.00
      100519   -999.00   -999.00   -999.00   -999.00
      100520     18.06   -999.00     23.81   -999.00
      100521     14.64     16.91     20.21     23.51
      100522     60.96      7.06     85.41     10.12
      100523     87.62     14.41    124.46     20.53
      100524     55.43     17.72     77.88     24.50
      100525     31.97     20.38     43.37     27.73
      100526     24.96     12.29     32.30     16.13
      100527     12.39      9.64     13.98     11.50
      100528      6.78      3.46      6.48      3.41
      100529     27.89     16.38     36.46     22.64
      100530     15.70      1.98     20.74      3.23
      100531     11.33      8.22     15.90     11.55
      100601     14.74     11.04     20.53     15.21
      100602     20.82     14.53     28.91     20.14
      100603     86.14     38.26    115.78     49.61
      100604     29.04      3.47     36.73      4.45
      100605     26.80      2.74     31.09      3.25
      100606     14.01      3.94     13.75      4.16
      100607      2.82   -999.00      2.33   -999.00
      100608     29.76   -999.00     37.14   -999.00
      100609     51.96     33.67     61.01     37.68
      100610     46.60      9.98     50.03     12.03
      100611     54.18     52.12     64.98     64.77
      100612     41.50     20.55     47.73     25.27
      100613     19.92      7.54     19.81      8.40
      100614   -999.00   -999.00   -999.00   -999.00
      100615      4.12   -999.00      3.88   -999.00
      100616   -999.00   -999.00   -999.00   -999.00
      100617     11.24   -999.00     14.20   -999.00
      100618      6.16      2.76      8.01      3.51
      100619     17.68      8.59     24.40     11.90
      100620     16.55      5.73     22.91      7.93
      100621     17.49      8.20     23.91     11.17
      100622     15.23      6.19     20.16      8.42
      100623      9.69      4.64     11.78      5.26
      100624      3.76      1.41      4.16      1.59
      100625     31.30     38.69     41.24     51.10
      100626      4.46      0.17      5.94      0.29
      100627     17.14      4.81     16.87      5.84
      100628     28.08      8.63     32.16     10.99
      100629     47.69      3.90     60.11      6.53
      100630     51.69      3.90     68.74      3.24
      100701     61.65      2.61     84.71      2.95
      100702     62.18      3.76     86.84      5.30
      100703     83.93     27.62    116.14     38.14
      100704     46.83     14.68     62.64     18.67
      100705     48.82     18.28     62.76     24.85
      100706     41.52     22.53     48.80     27.71
      100707     81.30    106.06     84.81    112.41
      100708      2.55      0.86      1.76      0.49
      100709      3.13      1.23      2.95      1.72
      100710     18.36     16.87     18.91     18.17
      100711     38.89     22.33     45.05     25.59
      100712     65.94     53.36     84.58     68.72
      100713     39.23     20.18     52.48     26.65
      100714     56.43      3.69     78.63      4.94
      100715     37.57      8.57     53.18     11.94
      100716     30.47      0.90     42.94      1.55
      100717     10.15   -999.00     13.85   -999.00
      100718     12.13      0.14     15.70      0.10
      100719      7.98      4.70      6.54      3.17
      100720     26.81     21.23     26.55     21.66
      100721     81.10     51.61     90.60     59.79
      100722     86.63     22.89    107.40     29.68
      100723     92.91     16.27    122.01     22.70
      100724     89.17     23.50    120.20     32.18
      100725     79.97     17.86    109.17     24.49
      100726     48.35      7.11     65.09      8.72
      100727     34.96      2.90     45.99      4.29
      100728     31.82     12.18     37.25     11.95
      100729     59.95      3.60     61.34      4.41
      100730     65.96     20.52     73.81     21.60
      100731     93.43     21.00    119.66     31.52
      100801    131.74     36.73    177.84     53.59
      100802    155.48     33.12    217.27     48.10
      100803    135.12     23.40    193.15     33.62
      100804    137.97      6.18    191.17     12.13
      100805    165.25     21.55    213.74     26.15
      100806    160.51     14.84    202.35     20.22
      100807     98.35     22.72    124.13     28.32
      100808    122.72      8.58    157.43     11.93
      100809    136.82      9.53    184.44      9.09
      100810    120.27     18.56    169.79     26.85
      100811    106.41      9.48    145.29     12.76
      100812    109.32     62.69    148.50     84.30
      100813     49.45      7.72     64.63     10.26
      100814     45.05     22.48     53.34     28.59
      100815     19.62      0.41     19.45      1.01
      100816     21.09      8.72     25.08     11.34
      100817     10.95      5.40     13.44      6.74
      100818      5.12      2.78      5.92      3.26
      100819      5.06      4.39      5.58      4.94
      100820      4.51   -999.00      6.03   -999.00
      100821   -999.00   -999.00   -999.00   -999.00
      100822   -999.00   -999.00   -999.00   -999.00
      100823   -999.00   -999.00   -999.00   -999.00
      100824      0.28   -999.00      0.12   -999.00
      100825     23.18      5.18     23.18      5.49
      100826     24.85     14.75     27.40     16.42
      100827     34.59     30.11     44.06     37.56
      100828     36.97     36.75     50.24     49.33
      100829    108.69     18.61    153.12     25.73
      100830    115.93     29.34    163.84     41.39
      100831    133.08     62.15    185.30     85.72
      100901    124.79     28.43    168.71     37.78
      100902     87.45     19.96    114.66     25.43
      100903     67.73      3.02     85.21      7.37
      100904     59.09     17.37     72.04     23.47
      100905     60.29     13.33     72.79     17.77
      100906     43.33      8.09     48.91     11.10
      100907      5.27      3.92      4.72      3.87
      100908      1.08   -999.00      0.64   -999.00
      100909   -999.00   -999.00   -999.00   -999.00
      100910      4.89   -999.00      4.07   -999.00
      100911      4.37      0.89      3.68      0.37
      100912      9.19      6.39      8.59      6.12
      100913     26.30      2.24     29.85      3.04
      100914     43.88      8.39     55.58     11.43
      100915     40.94      7.30     54.17      9.69
      100916     67.08     17.27     85.07     18.77
      100917     80.97     10.89     94.21     15.90
      100918    124.65     17.87    143.61     21.01
      100919    145.83     30.16    173.60     40.62
      100920    152.56      9.70    188.73     14.80
      100921    124.45     39.82    159.15     50.01
      100922    181.54     27.73    231.01     33.84
      100923    172.67     23.90    213.14     28.08
      100924    206.75     37.44    256.61     43.39
      100925    204.91     31.33    260.84     36.47
      100926    278.95     17.65    370.19     27.34
      100927    314.50     35.18    427.12     49.33
      100928    213.15     77.45    293.13    101.23
      100929    222.29     95.97    309.46    134.93
      100930    155.46     69.24    209.01     95.74
      101001    123.64     37.68    157.97     52.77
      101002     92.37     14.58    104.29     11.45
      101003     43.97     12.77     48.64     12.90
      101004     24.58     15.49     27.35     13.86
      101005   -999.00   -999.00   -999.00   -999.00
      101006   -999.00   -999.00   -999.00   -999.00
      101007   -999.00   -999.00   -999.00   -999.00
      101008   -999.00   -999.00   -999.00   -999.00
      101009      4.80   -999.00      4.30   -999.00
      101010      7.86      5.15      8.10      5.82
      101011      7.37      3.33      8.77      4.32
      101012      9.77      1.55     12.50      1.56
      101013      7.86      4.70      8.47      3.41
      101014     22.80      3.59     25.05      4.27
      101015     87.12     18.87    102.83     21.36
      101016    139.46     37.95    175.50     50.45
      101017    184.65     46.32    237.25     61.46
      101018    217.82     19.85    283.74     31.02
      101019    187.83     24.97    248.97     31.35
      101020    180.15   -999.00    240.78   -999.00
      101021    138.28     33.33    182.89     43.92
      101022    142.75     48.12    186.52     63.45
      101023    146.01     25.91    187.31     33.54
      101024    175.23     73.64    230.94    102.21
      101025    231.17   -999.00    305.69   -999.00
      101026    259.38      8.82    356.26      9.86
      101027    265.63     78.03    364.34    107.69
      101028    285.04     72.68    378.73     98.77
      101029    270.44     64.50    339.00     81.10
      101030    106.44     30.65    112.81     42.57
      101031     68.86     47.61     60.70     45.65
      101101     29.87      7.29     32.70      5.95
      101102     29.90      7.54     36.21      9.67
      101103     22.62     12.01     29.27     15.84
      101104      7.25      4.07      9.41      5.11
      101105     24.90     12.22     30.91     18.62
      101106     32.96     12.18     40.34     14.50
      101107     35.22     14.17     44.81     17.00
      101108     48.44     33.62     65.67     45.64
      101109     36.01     29.55     48.89     39.97
      101110     43.09     13.59     57.31     17.46
      101111     60.14     23.76     82.09     32.82
      101112     57.52      4.96     79.31      7.14
      101113    101.45     46.21    140.80     65.67
      101114     95.49      9.83    131.55     12.48
      101115    164.16     50.52    224.83     71.28
      101116    212.21     69.15    276.29     98.85
      101117    119.78     73.14    148.20     91.92
      101118     47.81     24.17     56.01     27.07
      101119     83.92     36.34     99.18     42.30
      101120     68.11     16.84     90.98     23.27
      101121     48.66      6.45     66.20      9.59
      101122     43.18     21.44     59.77     29.94
      101123     38.96      0.42     53.33      0.91
      101124     25.60      9.14     34.70     12.89
      101125     14.72      7.48     18.76     10.57
      101126     13.00      8.45     15.40     10.64
      101127     16.65      3.38     18.50      2.52
      101128     36.92      2.13     51.48      4.47
      101129     65.79     46.81     93.25     66.75
      101130    114.13     17.49    159.48     22.84
      101201    132.56     42.31    177.92     63.97
      101202    119.66     78.94    147.59    104.35
      101203    180.22     92.49    216.56    131.10
      101204    144.15     38.02    170.45     53.13
      101205    178.76     68.25    227.39    100.28
      101206    284.60   -999.00    361.88   -999.00
      101207    301.89     43.34    402.00     54.67
      101208    246.15      7.17    333.90     12.00
      101209    221.71     21.48    300.26     29.54
      101210    211.18     10.42    281.46     12.45
      101211    169.54     30.68    219.22     44.15
      101212    128.63     41.60    157.80     56.89
      101213     89.84     23.00    101.83     27.72
      101214     33.39     14.32     33.73     15.01
      101215      7.00   -999.00      6.60   -999.00
      101216     11.39   -999.00     14.19   -999.00
      101217      5.55   -999.00      7.77   -999.00
      101218   -999.00   -999.00   -999.00   -999.00
      101219   -999.00   -999.00   -999.00   -999.00
      101220   -999.00   -999.00   -999.00   -999.00
      101221   -999.00   -999.00   -999.00   -999.00
      101222     10.85   -999.00     15.14   -999.00
      101223      4.69      1.88      6.38      3.11
      101224      5.84      0.46      7.03      0.58
      101225      9.52      3.81     11.85      5.81
      101226     13.15      5.37     17.66      8.61
      101227     31.28     18.36     44.30     26.01
      101228     26.99     14.53     37.63     20.43
      101229     19.39      7.23     25.41     10.11
      101230      6.98      5.41      8.74      6.90
      101231     34.31   -999.00     37.11   -999.00
