Thu Apr  5 10:49:56 2012   calc_spotindex_Apr12.pro
SSB :  2011 WITH AREA-DEPENDENT EXCESS: BOL= 0.32 UV320= 0.46
      110101     97.43     25.04    115.90     28.85
      110102    109.59   -999.00    139.58   -999.00
      110103    163.94   -999.00    217.62   -999.00
      110104    166.96     12.76    220.96     14.02
      110105    106.81     20.47    142.09     27.56
      110106    130.05     31.10    174.82     41.78
      110107     77.65     11.89    101.85     16.26
      110108     77.68      4.96     98.99      6.08
      110109     53.90     17.59     63.18     20.45
      110110     39.36      2.24     44.56      0.39
      110111     32.23     22.38     32.81     21.71
      110112      9.62      4.81      9.38      3.54
      110113      4.77      0.07      6.46      0.12
      110114   -999.00   -999.00   -999.00   -999.00
      110115      7.56   -999.00      5.33   -999.00
      110116     13.86      2.52     11.98      2.07
      110117     37.47      3.37     41.54      4.52
      110118     63.93     14.12     77.56     18.59
      110119     60.49      3.28     77.61      6.22
      110120     98.42     13.46    130.84     19.05
      110121     90.16   -999.00    124.37   -999.00
      110122    122.16     19.35    167.45     26.30
      110123    130.76     22.45    174.89     29.13
      110124    143.28    102.51    181.19    130.99
      110125     58.18      9.75     65.69      8.64
      110126     68.07     22.05     68.83     26.79
      110127      2.74      1.55      2.33      1.70
      110128      8.24   -999.00      9.09   -999.00
      110129     16.64      4.48     18.54      5.58
      110130     25.50     13.66     31.72     17.91
      110131     31.19      5.55     41.55      8.03
      110201     42.09     19.33     58.00     26.26
      110202     49.91   -999.00     70.41   -999.00
      110203     24.71      3.26     34.68      4.51
      110204     38.63     37.22     54.33     52.04
      110205     27.91     10.02     39.31     14.38
      110206     18.86     13.22     25.40     17.68
      110207      7.52      1.21      9.00      1.12
      110208     19.84      0.85     22.20      1.27
      110209     72.27     66.58     89.10     81.90
      110210     38.36     14.57     52.94     19.69
      110211     48.71     12.51     66.78     17.49
      110212     95.82     18.35    132.62     25.94
      110213    171.45     68.03    239.45     95.74
      110214     93.13   -999.00    122.98   -999.00
      110215    487.86   -999.00    667.46   -999.00
      110216    368.30    159.75    489.71    207.65
      110217    202.52     15.77    264.56     19.17
      110218    312.09     56.10    415.01     59.78
      110219    281.91     45.20    374.52     69.97
      110220    240.76     39.68    323.07     51.83
      110221    157.54     39.15    204.82     52.03
      110222    108.06     15.88    129.39     22.36
      110223     24.91     15.25     24.23     16.73
      110224     31.57   -999.00     19.05   -999.00
      110225     14.53      4.46     12.11      3.99
      110226     25.74      4.85     25.94      5.23
      110227     44.32      0.26     50.21      1.89
      110228    106.47     75.78    132.98     98.86
      110301    261.27    150.34    342.74    201.05
      110302    262.19     77.18    348.85    101.97
      110303    252.47     46.63    332.41     68.57
      110304    431.42     44.78    549.00     53.55
      110305    641.19     52.84    812.54     62.98
      110306    475.44    122.67    594.71    168.88
      110307    456.78   -999.00    554.30   -999.00
      110308    549.67    191.98    712.80    275.23
      110309    533.99    138.41    721.69    174.34
      110310    491.70    105.73    680.66    152.28
      110311    505.04    153.35    686.66    214.19
      110312    482.80    125.17    624.25    160.76
      110313    340.79    221.72    420.17    291.66
      110314    222.95    170.46    257.25    198.97
      110315    106.91      9.36    123.45      9.97
      110316     37.22      4.01     36.82      2.62
      110317     36.33      5.16     44.95      9.51
      110318     22.94      4.23     31.56      6.16
      110319     47.17      5.02     64.63      6.66
      110320     77.77     59.97    105.15     83.75
      110321     63.39     12.62     78.23     13.71
      110322     79.19     22.80     80.12     26.32
      110323    139.45     62.24    165.84    100.61
      110324    166.70   -999.00    205.57   -999.00
      110325    217.74      2.82    279.61      1.61
      110326    298.73     78.18    401.76     99.50
      110327    336.54    125.77    461.68    172.97
      110328    227.19     56.18    304.03     72.88
      110329    243.60     48.20    327.44     65.73
      110330    295.31     50.60    392.94     66.68
      110331    129.55   -999.00    170.67   -999.00
      110401    189.91   -999.00    249.88   -999.00
      110402    124.37     24.45    167.17     35.96
      110403    129.06     23.35    174.78     32.88
      110404    152.16      8.95    205.42     15.33
      110405    124.50     34.97    159.82     47.83
      110406    303.25    383.22    388.96    496.21
      110407    105.76     19.90    128.58     21.16
      110408     84.71      8.73    101.39      9.05
      110409     68.31   -999.00     86.27   -999.00
      110410     76.54     13.31    104.44     18.67
      110411    104.68     49.52    143.33     67.14
      110412    124.87     26.16    169.61     34.34
      110413    188.86     48.20    244.47     55.22
      110414    251.57     42.88    325.18     59.67
      110415    415.59     74.28    544.85     98.38
      110416    430.43     48.49    563.21     62.63
      110417    401.62    182.46    525.35    238.37
      110418    306.45     83.55    406.03    114.95
      110419    257.64     49.40    346.50     65.26
      110420    239.85     48.57    322.93     60.83
      110421    223.40     53.12    291.16     70.55
      110422    235.76     59.56    305.00     78.52
      110423    278.21     85.31    366.09    113.19
      110424    286.77     52.65    389.66     75.28
      110425    285.79     91.96    397.13    128.01
      110426    146.83   -999.00    203.61   -999.00
      110427    183.04     15.21    244.19     23.89
      110428    138.78     33.40    174.83     45.29
      110429    122.75     35.17    140.25     37.14
      110430    103.57     12.93    108.75      9.78
      110501     85.89      7.95     99.41     17.12
      110502     70.26      5.37     87.64      6.62
      110503    139.72     44.01    185.78     57.39
      110504    162.41   -999.00    220.43   -999.00
      110505    127.38   -999.00    172.94   -999.00
      110506    162.17     14.07    224.57     19.05
      110507    103.38     18.47    140.44     27.30
      110508     81.62     27.44    104.36     36.49
      110509    122.66     31.84    151.53     39.06
      110510     83.17     19.88    108.44     24.53
      110511     73.69   -999.00     94.99   -999.00
      110512     33.98     15.51     47.51     21.53
      110513     21.58      8.91     28.35     10.38
      110514     48.00     24.57     64.23     34.60
      110515     55.04     17.75     73.57     24.37
      110516     69.79     24.89     88.37     34.22
      110517     68.22     20.59     87.18     23.98
      110518     74.82   -999.00     93.76   -999.00
      110519    110.11   -999.00    138.88   -999.00
      110520     80.28      0.02    103.95      3.78
      110521     64.61      6.92     86.28      8.38
      110522     53.75     15.72     74.87     22.80
      110523     45.57     15.09     60.90     19.60
      110524     33.97     26.39     45.87     35.69
      110525     24.86      7.62     32.13      9.92
      110526     51.47     17.96     66.38     24.48
      110527     59.91     10.63     77.99     11.51
      110528    112.86     36.92    137.88     50.03
      110529    160.80     56.93    184.81     71.56
      110530    230.07     81.15    263.38     86.33
      110531    243.55     57.10    304.63     67.09
      110601    204.08     68.46    269.13     88.81
      110602    297.07    106.35    400.09    140.94
      110603    419.94   -999.00    579.74   -999.00
      110604   -999.00   -999.00   -999.00   -999.00
      110605    118.08     32.52    160.82     43.66
      110606    118.80     19.33    159.55     26.68
      110607     72.33      8.02     96.70     10.50
      110608     44.09     15.43     58.57     20.34
      110609     31.29     19.62     39.93     26.81
      110610     19.25   -999.00     22.85   -999.00
      110611     17.99      6.67     22.98      8.86
      110612     16.63      7.01     22.48      9.22
      110613      9.18      3.12     12.78      4.28
      110614     73.38     62.72     96.07     94.04
      110615     72.25   -999.00     85.49   -999.00
      110616    167.01     77.25    207.79    100.87
      110617   1987.64   2633.78   2525.37   3345.14
      110618    236.84      4.19    312.34     11.00
      110619    176.41     82.34    243.69    112.03
      110620    165.20     20.22    232.92     27.74
      110621    142.17     39.11    199.41     55.81
      110622     96.82     24.10    133.63     34.10
      110623    101.43     16.85    134.59     23.78
      110624    409.18    403.48    513.80    501.56
      110625     22.85   -999.00     24.88   -999.00
      110626     22.41     15.39     27.31     18.14
      110627      8.25      1.15     10.77      1.80
      110628     14.75      9.91     17.12      9.64
      110629    117.40   -999.00    159.39   -999.00
      110630     57.14     10.45     77.90     14.57
      110701     61.98     10.82     83.24     13.95
      110702     64.12     14.60     88.57     19.71
      110703     77.46     26.21    107.81     36.30
      110704     72.45      4.26     95.16      5.93
      110705     71.11     21.57     91.77     25.81
      110706     55.86     22.57     70.80     30.01
      110707     34.50     24.98     41.47     30.67
      110708     49.91   -999.00     59.27   -999.00
      110709     36.25   -999.00     49.61   -999.00
      110710     42.07      3.09     57.34      5.62
      110711    107.74     40.24    138.94     54.35
      110712    111.23     34.12    141.90     42.92
      110713    140.30     63.81    179.49     81.05
      110714    107.11     14.38    139.31     18.74
      110715   -999.00   -999.00   -999.00   -999.00
      110716    111.89     39.72    149.61     51.46
      110717    123.07     21.09    164.20     28.95
      110718    151.14     64.35    196.13     85.19
      110719    173.95     50.12    217.18     60.75
      110720    114.96     21.97    151.68     30.12
      110721    105.56     28.61    136.87     38.13
      110722     61.10     16.22     78.29     22.05
      110723   -999.00   -999.00   -999.00   -999.00
      110724     17.69      8.29     22.69     10.40
      110725     31.29     23.08     40.59     29.18
      110726     63.04     43.79     71.74     48.44
      110727     98.00     37.43    112.31     39.64
      110728    232.92     24.08    285.84     32.75
      110729    382.33     53.76    498.07     74.25
      110730    586.93    231.72    783.62    312.58
      110731    596.22     47.08    805.04     63.50
      110801    642.85     37.40    886.73     51.03
      110802    880.99   -999.00   1220.08   -999.00
      110803    578.31    123.19    795.58    179.97
      110804    626.32    309.12    856.37    418.74
      110805    466.67     99.54    623.37    138.98
      110806    284.77     43.86    373.51     59.92
      110807    252.34     56.14    320.08     77.37
      110808    167.86      8.82    205.64     10.68
      110809     81.29     35.44     92.05     37.79
      110810     26.33     14.82     30.03     15.49
      110811     12.14      4.68     15.29      5.84
      110812     13.04      2.67     16.90      3.77
      110813     13.21      5.98     16.45      6.27
      110814   -999.00   -999.00   -999.00   -999.00
      110815      7.60      3.35      5.37      2.51
      110816     47.94     33.97     51.06     44.41
      110817     98.96     62.18    112.32     73.90
      110818    145.32     89.50    182.35    116.47
      110819    191.02     99.35    254.40    135.87
      110820    181.70     23.09    252.04     32.38
      110821    217.28     28.11    302.44     38.46
      110822    237.00      4.35    332.53      6.75
      110823    223.36     36.26    306.80     51.80
      110824    125.78     43.86    168.53     58.72
      110825     73.93     23.10     90.72     30.30
      110826     95.54     36.67    112.59     46.39
      110827    107.30      0.76    134.42      5.13
      110828     72.44     34.55     94.48     46.40
      110829    100.16      4.94    134.66      4.03
      110830    105.76     12.66    141.98     18.83
      110831    192.20     15.29    255.79     20.80
      110901    297.20    143.70    391.35    194.59
      110902    330.42     71.63    433.86     92.79
      110903    198.19     59.43    255.39     87.64
      110904    201.22     15.54    266.15     27.77
      110905    208.84     63.52    284.19     85.01
      110906    262.61     69.57    361.14     95.50
      110907    213.79   -999.00    276.99   -999.00
      110908    209.19     78.72    260.14    101.43
      110909    256.77     13.46    320.81     16.61
      110910    302.86     47.63    389.04     57.04
      110911    338.36     83.76    457.50    111.84
      110912    252.46     32.16    347.04     43.94
      110913    333.25    121.69    452.99    162.83
      110914    396.99    108.34    523.77    145.44
      110915    388.05     30.50    496.84     37.50
      110916    455.49    133.59    583.87    162.75
      110917    444.74    148.17    586.27    203.84
      110918    442.07    125.65    598.60    175.57
      110919    304.63      1.35    411.75      2.16
      110920    281.32     66.77    362.74     73.50
      110921    268.94     65.69    338.45     80.36
      110922    218.70     80.33    248.69     77.06
      110923    335.48     29.40    358.50     22.64
      110924    353.43    157.59    391.46    176.30
      110925    486.38     43.38    616.13     45.95
      110926    551.62     78.51    736.89     93.41
      110927    691.66    113.08    960.36    152.94
      110928   1149.19    609.44   1625.86    856.31
      110929    624.97   -999.00    884.06   -999.00
      110930    563.87    122.30    787.24    176.37
      111001    520.86    133.60    707.29    180.67
      111002    363.90     96.00    475.60    123.61
      111003    261.14     80.14    330.64    111.22
      111004    256.26     46.63    317.62     59.51
      111005    237.05     78.04    290.48     97.38
      111006    291.14      9.03    356.23     16.79
      111007    280.24     32.21    356.05     54.75
      111008    192.90     63.49    257.10     83.85
      111009    236.80     29.53    315.50     42.26
      111010    273.72     44.68    362.71     58.69
      111011    401.59     14.78    529.75     28.46
      111012    414.21   -999.00    536.30   -999.00
      111013    620.43     78.52    811.91    104.30
      111014    604.08     77.50    805.24    107.33
      111015    714.25    137.35    976.82    204.87
      111016    783.70   -999.00   1080.99   -999.00
      111017    566.51     13.17    769.84      9.31
      111018    421.47     91.19    552.38    107.72
      111019    340.78    134.24    415.08    158.23
      111020    364.52   -999.00    428.98   -999.00
      111021    404.30     42.36    484.63     38.92
      111022    292.06    105.92    371.37    145.82
      111023    311.30   -999.00    395.71   -999.00
      111024    347.21    129.39    445.82    163.32
      111025    378.88    150.55    500.08    202.39
      111026    362.08     64.15    490.20     85.14
      111027    442.76     18.64    626.02     26.93
      111028    242.56    261.48    340.30    372.13
      111029    323.16     63.98    447.33     88.46
      111030    200.89    145.48    274.15    197.07
      111031    281.06     93.30    372.07    122.71
      111101    242.00     27.85    296.31     54.90
      111102    226.19     34.68    237.79     31.79
      111103    476.36    104.73    515.01    102.74
      111104    666.99    141.93    804.75    185.25
      111105    701.01    131.74    908.38    198.11
      111106    895.44     15.41   1196.65     40.97
      111107   1155.80    140.88   1575.80    190.06
      111108    983.84      0.05   1362.28      3.34
      111109   1212.96      2.27   1665.61      6.02
      111110    965.34    197.27   1317.07    278.02
      111111    567.65    101.42    760.26    141.03
      111112    520.63    191.37    669.79    252.91
      111113    393.74     61.29    492.32     67.25
      111114    233.07     16.35    292.42     21.70
      111115    237.61      0.27    290.84      5.10
      111116    270.76     44.08    327.33     48.18
      111117    145.68     22.91    175.07     31.40
      111118    191.84     37.50    226.15     42.74
      111119    146.98     66.29    180.61     79.09
      111120    206.49     49.81    258.69     59.68
      111121    231.53     10.30    282.85     23.81
      111122    287.72      5.39    372.31     16.44
      111123    261.05     29.83    345.61     38.03
      111124    396.10   -999.00    528.58   -999.00
      111125    293.52   -999.00    393.03   -999.00
      111126    309.84     38.61    419.92     50.18
      111127    258.92      3.87    348.83      6.72
      111128    132.16      5.85    175.24      8.73
      111129    225.40     47.64    289.68     53.31
      111130    245.55    121.83    313.67    158.00
      111201    219.52     13.82    285.62     17.13
      111202    293.36     11.87    389.91     14.82
      111203    447.04     42.69    607.06     58.44
      111204    497.22   -999.00    679.73   -999.00
      111205    674.20   -999.00    928.11   -999.00
      111206    371.52     60.05    506.10     82.04
      111207    401.08      4.72    536.20      2.26
      111208    284.87     74.89    353.96     88.65
      111209    246.72     47.41    299.14     60.72
      111210    188.15     26.17    228.24     35.94
      111211    233.13   -999.00    289.27   -999.00
      111212    134.93     19.21    181.85     26.34
      111213    131.71      9.60    180.33     15.16
      111214    132.96     31.12    180.31     44.06
      111215    153.32     21.99    210.69     27.99
      111216    138.78     21.84    188.95     29.23
      111217    128.62   -999.00    173.06   -999.00
      111218     95.48     19.60    123.44     26.29
      111219    166.13   -999.00    215.83   -999.00
      111220    183.39      2.65    244.40      5.82
      111221    376.11    229.67    486.19    290.96
      111222    353.28     72.42    441.52     96.11
      111223    383.13     14.65    496.58     27.30
      111224    327.97    106.93    443.27    142.65
      111225    274.42     16.37    372.17     20.53
      111226    394.90    114.69    531.41    153.81
      111227    488.72     50.12    645.79     74.30
      111228    292.80     89.25    376.94    119.27
      111229    267.71     84.42    328.40    107.29
      111230    404.85     91.62    521.23    137.41
      111231    298.93     34.73    379.75     53.96
