2003     1     1      1366.839000
  1.777103E-01  7.266029E+00  6.315667E-02  4.158181E-02  3.529573E-02
  3.033330E-02  4.907377E-02  2.377315E-02  1.924610E-02  2.289406E-02
  1.690356E-01  3.023530E-02  2.245545E-02  2.235235E-01  2.059091E-02
  4.778021E-02  3.033044E-02  3.210867E-02  3.220129E-02  8.712440E-02
  7.990455E-02  4.592114E-02  4.950247E-02  5.801925E-02  5.625801E-02
  6.038512E-02  7.563043E-02  8.853821E-02  9.185859E-02  8.409042E-02
  9.391577E-02  1.012858E-01  1.259863E-01  1.456584E-01  2.481492E-01
  1.977337E-01  2.021956E-01  1.847593E-01  1.824151E-01  1.807150E-01
  2.048370E-01  2.413160E-01  2.748881E-01  2.995287E-01  3.249086E-01
  5.464446E-01  3.625405E-01  4.247129E-01  4.772502E-01  6.203878E-01
  7.237051E-01  7.196694E-01  7.762033E-01  7.746084E-01  9.527725E-01
  1.167625E+00  1.254962E+00  1.493239E+00  1.675555E+00  1.645004E+00
  1.996889E+00  2.492113E+00  2.309474E+00  2.453415E+00  2.129385E+00
  2.395330E+00  2.788831E+00  3.210218E+00  3.411462E+00  3.818452E+00
  3.954472E+00  4.319560E+00  4.583894E+00  3.467541E+00  5.732928E+00
  5.652561E+00  6.229470E+00  6.396449E+00  6.428131E+00  6.917098E+00
  7.575942E+00  8.387167E+00  8.279112E+00  9.572205E+00  1.068481E+01
  1.108032E+01  1.141697E+01  1.321601E+01  1.503693E+01  2.174189E+01
  2.878791E+01  3.565808E+01  3.229795E+01  3.149688E+01  4.355497E+01
  3.529767E+01  3.341090E+01  3.321782E+01  4.663458E+01  4.824228E+01
  5.004903E+01  3.500493E+01  4.998132E+01  6.620888E+01  5.977547E+01
  5.249288E+01  3.887613E+01  3.767193E+01  5.501547E+01  4.682655E+01
  5.503479E+01  4.782938E+01  5.340532E+01  4.382710E+01  3.470818E+01
  5.563640E+01  4.516447E+01  5.408887E+01  3.790008E+01  4.476132E+01
  3.986474E+01  4.727864E+01  7.337833E+01  6.471201E+01  6.340538E+01
  4.886317E+01  4.831579E+01  5.703885E+01  4.420511E+01  5.638559E+01
  5.927173E+01  4.535502E+01  3.936289E+01  5.106206E+01  5.602198E+01
  8.027542E+01  1.003204E+02  1.238653E+02  1.309374E+02  1.063206E+02
  8.564740E+01  8.523365E+01  1.066274E+02  1.702705E+02  2.648306E+02
  2.631325E+02  2.478916E+02  2.530268E+02  2.474890E+02  2.288916E+02
  2.793097E+02  2.320786E+02  1.931202E+02  2.170580E+02  1.187615E+02
  1.693435E+02  2.506241E+02  2.473348E+02  1.595577E+02  7.371796E+01
  8.239779E+01  2.183100E+02  2.974269E+02  3.240102E+02  2.580861E+02
  1.297587E+02  3.402803E+02  3.685442E+02  3.106901E+02  4.645785E+02
  6.238613E+02  5.925177E+02  4.956576E+02  5.587443E+02  4.959620E+02
  5.620148E+02  5.094551E+02  5.491584E+02  4.172598E+02  5.272959E+02
  3.899905E+02  4.885084E+02  4.645546E+02  6.533793E+02  6.055192E+02
  6.150216E+02  5.662136E+02  6.551272E+02  6.575390E+02  4.996011E+02
  6.605446E+02  7.797736E+02  6.739464E+02  7.276843E+02  6.656018E+02
  6.820096E+02  6.204529E+02  8.598406E+02  6.582518E+02  7.221321E+02
  8.879787E+02  7.012247E+02  7.315551E+02  6.792247E+02  8.103255E+02
  9.035189E+02  1.025326E+03  9.911017E+02  9.173488E+02  1.122687E+03
  1.031969E+03  1.017555E+03  9.830919E+02  9.378849E+02  9.989185E+02
  1.014090E+03  7.992187E+02  8.740413E+02  9.341983E+02  9.689027E+02
  1.065662E+03  9.307989E+02  1.031147E+03  1.032418E+03  7.419875E+02
  1.008309E+03  9.323248E+02  9.211065E+02  9.567357E+02  8.591082E+02
  1.130756E+03  1.005215E+03  8.970408E+02  1.078345E+03  1.142992E+03
  1.067767E+03  9.509955E+02  8.605633E+02  6.401027E+02  1.091353E+03
  1.025172E+03  9.054648E+02  1.031532E+03  9.703684E+02  1.043338E+03
  1.193430E+03  1.265725E+03  1.216263E+03  1.081273E+03  1.267945E+03
  1.120150E+03  1.291127E+03  1.063209E+03  9.147089E+02  9.301818E+02
  1.114147E+03  1.089658E+03  1.308774E+03  1.400253E+03  1.067150E+03
  1.245697E+03  1.128366E+03  8.068216E+02  6.701290E+02  9.689179E+02
  1.015991E+03  1.025796E+03  9.987143E+02  9.574218E+02  1.219964E+03
  1.244278E+03  1.444073E+03  1.088507E+03  4.731242E+02  1.091376E+03
  1.406885E+03  7.450735E+02  8.364016E+02  1.587823E+03  1.702196E+03
  1.704681E+03  1.849203E+03  1.872499E+03  1.828367E+03  1.781484E+03
  1.726513E+03  1.676527E+03  1.694960E+03  1.713543E+03  1.723129E+03
  1.591727E+03  1.651824E+03  1.711872E+03  1.771934E+03  1.773690E+03
  1.772942E+03  1.790608E+03  1.749969E+03  1.744219E+03  1.740878E+03
  1.778666E+03  1.807900E+03  1.741109E+03  1.715274E+03  1.752344E+03
  1.735312E+03  1.723312E+03  1.654973E+03  1.649659E+03  1.493226E+03
  1.243586E+03  1.536898E+03  1.693974E+03  1.667596E+03  1.628717E+03
  1.746284E+03  1.839800E+03  1.778829E+03  1.705793E+03  1.772844E+03
  1.845778E+03  1.911371E+03  1.965204E+03  1.966232E+03  1.963363E+03
  1.926035E+03  1.909291E+03  2.016723E+03  2.037134E+03  2.053221E+03
  2.140752E+03  2.146052E+03  2.041068E+03  1.984803E+03  2.071555E+03
  2.081277E+03  2.133613E+03  2.130162E+03  2.073613E+03  2.056678E+03
  2.084728E+03  2.113486E+03  2.129609E+03  2.101741E+03  2.051265E+03
  2.047546E+03  2.027558E+03  2.012974E+03  2.045132E+03  2.026340E+03
  1.993324E+03  2.038909E+03  2.097944E+03  2.067015E+03  2.108535E+03
  2.103578E+03  2.071282E+03  2.121819E+03  2.117398E+03  2.112244E+03
  2.098346E+03  2.110542E+03  2.087718E+03  2.057347E+03  2.029496E+03
  1.843424E+03  1.738370E+03  1.878597E+03  1.934117E+03  2.009958E+03
  2.035597E+03  1.961206E+03  1.953597E+03  1.974035E+03  2.018325E+03
  2.015983E+03  2.005564E+03  1.986769E+03  1.951096E+03  1.945127E+03
  1.911262E+03  1.870489E+03  1.907451E+03  1.940736E+03  1.930120E+03
  1.998373E+03  2.026464E+03  1.993995E+03  1.961593E+03  1.927838E+03
  1.903988E+03  1.938951E+03  1.915501E+03  1.866773E+03  1.840675E+03
  1.866098E+03  1.735175E+03  1.629562E+03  1.689046E+03  1.805610E+03
  1.836673E+03  1.868125E+03  1.828240E+03  1.858152E+03  1.912122E+03
  1.888734E+03  1.727044E+03  1.766090E+03  1.877227E+03  1.893502E+03
  1.918276E+03  1.919790E+03  1.896176E+03  1.867449E+03  1.871005E+03
  1.924153E+03  1.878363E+03  1.876157E+03  1.886392E+03  1.841783E+03
  1.803063E+03  1.840325E+03  1.859647E+03  1.873270E+03  1.887590E+03
  1.890033E+03  1.888331E+03  1.864205E+03  1.871209E+03  1.891427E+03
  1.879789E+03  1.884462E+03  1.879412E+03  1.871929E+03  1.888917E+03
  1.877547E+03  1.837073E+03  1.812785E+03  1.787411E+03  1.761534E+03
  1.802593E+03  1.817191E+03  1.794507E+03  1.801511E+03  1.804323E+03
  1.786703E+03  1.785905E+03  1.815651E+03  1.799460E+03  1.792901E+03
  1.773234E+03  1.774433E+03  1.841519E+03  1.848603E+03  1.831006E+03
  1.802337E+03  1.808044E+03  1.809766E+03  1.783473E+03  1.795399E+03
  1.809855E+03  1.816744E+03  1.833242E+03  1.833263E+03  1.818190E+03
  1.783906E+03  1.778773E+03  1.801594E+03  1.730999E+03  1.655946E+03
  1.734221E+03  1.773637E+03  1.775991E+03  1.771807E+03  1.776003E+03
  1.766549E+03  1.777193E+03  1.773606E+03  1.755921E+03  1.754220E+03
  1.741437E+03  1.719043E+03  1.724659E+03  1.754384E+03  1.759058E+03
  1.747370E+03  1.739109E+03  1.730358E+03  1.712326E+03  1.701336E+03
  1.700386E+03  1.701558E+03  1.692003E+03  1.669306E+03  1.666497E+03
  1.651800E+03  1.619564E+03  1.643412E+03  1.666453E+03  1.675341E+03
  1.689115E+03  1.676062E+03  1.664267E+03  1.653617E+03  1.637374E+03
  1.630244E+03  1.661023E+03  1.680023E+03  1.679528E+03  1.659018E+03
  1.649967E+03  1.625135E+03  1.644054E+03  1.633811E+03  1.638115E+03
  1.636304E+03  1.630780E+03  1.652154E+03  1.650080E+03  1.615973E+03
  1.602183E+03  1.594494E+03  1.610273E+03  1.603845E+03  1.605011E+03
  1.590184E+03  1.591182E+03  1.601413E+03  1.595844E+03  1.547555E+03
  1.601327E+03  1.608531E+03  1.584270E+03  1.570299E+03  1.544673E+03
  1.441933E+03  1.324167E+03  1.464497E+03  1.534437E+03  1.538717E+03
  1.550944E+03  1.558938E+03  1.552673E+03  1.533143E+03  1.536377E+03
  1.539321E+03  1.529670E+03  1.524701E+03  1.533517E+03  1.528663E+03
  1.521992E+03  1.513845E+03  1.508337E+03  1.504533E+03  1.500921E+03
  1.497461E+03  1.494202E+03  1.491141E+03  1.488264E+03  1.485529E+03
  1.483014E+03  1.480680E+03  1.478510E+03  1.476537E+03  1.474767E+03
  1.473168E+03  1.471717E+03  1.470451E+03  1.471891E+03  1.478728E+03
  1.480267E+03  1.471763E+03  1.465714E+03  1.467292E+03  1.458223E+03
  1.456010E+03  1.459528E+03  1.438864E+03  1.455524E+03  1.458568E+03
  1.437856E+03  1.427776E+03  1.432891E+03  1.438936E+03  1.452854E+03
  1.442667E+03  1.424423E+03  1.425203E+03  1.411680E+03  1.401435E+03
  1.406146E+03  1.386111E+03  1.380048E+03  1.382239E+03  1.378649E+03
  1.372773E+03  1.377951E+03  1.375545E+03  1.356933E+03  1.356751E+03
  1.358550E+03  1.358438E+03  1.356013E+03  1.361027E+03  1.356816E+03
  1.344673E+03  1.347666E+03  1.344325E+03  1.318799E+03  1.312473E+03
  1.336002E+03  1.332232E+03  1.330605E+03  1.330055E+03  1.329815E+03
  1.315125E+03  1.310536E+03  1.308189E+03  1.278078E+03  1.279303E+03
  1.271529E+03  1.261447E+03  1.279864E+03  1.298039E+03  1.284137E+03
  1.297173E+03  1.291538E+03  1.295374E+03  1.287287E+03  1.272081E+03
  1.270882E+03  1.272370E+03  1.256490E+03  1.231977E+03  1.220356E+03
  1.176379E+03  1.164156E+03  1.159933E+03  1.132229E+03  1.134800E+03
  1.123598E+03  1.109877E+03  1.113928E+03  1.089457E+03  1.071369E+03
  1.069834E+03  1.041433E+03  1.039629E+03  1.020800E+03  9.994437E+02
  9.188846E+02  9.721346E+02  9.929179E+02  9.347321E+02  9.628384E+02
  9.631212E+02  9.433037E+02  9.363362E+02  9.328185E+02  9.262224E+02
  9.026988E+02  8.986261E+02  8.942868E+02  8.905128E+02  8.593083E+02
  8.623468E+02  8.592126E+02  8.490135E+02  8.237470E+02  8.327718E+02
  8.173361E+02  8.078215E+02  8.005033E+02  7.910419E+02  7.838811E+02
  7.722893E+02  7.677071E+02  7.549191E+02  7.495904E+02  7.452478E+02
  7.328846E+02  7.204772E+02  7.192324E+02  7.043375E+02  6.994039E+02
  6.941132E+02  6.824024E+02  6.743275E+02  6.685223E+02  6.576373E+02
  6.527706E+02  6.427931E+02  6.399717E+02  6.270969E+02  6.246397E+02
  6.223744E+02  6.112691E+02  6.105092E+02  6.020176E+02  5.925661E+02
  5.928999E+02  5.881610E+02  5.807227E+02  5.765166E+02  5.721157E+02
  5.642775E+02  5.613353E+02  5.561477E+02  5.485370E+02  5.480808E+02
  5.429698E+02  5.382358E+02  5.285403E+02  5.261316E+02  5.243737E+02
  5.168568E+02  5.111543E+02  5.081785E+02  5.100191E+02  4.978809E+02
  4.979097E+02  4.914001E+02  4.887525E+02  4.868108E+02  4.815716E+02
  4.760323E+02  4.713200E+02  4.663036E+02  4.601177E+02  4.595365E+02
  4.546810E+02  4.506919E+02  4.460745E+02  4.409757E+02  4.412236E+02
  4.393488E+02  4.151064E+02  4.272479E+02  4.211155E+02  4.166645E+02
  4.107363E+02  4.090825E+02  4.002281E+02  3.977352E+02  3.957551E+02
  3.890407E+02  3.846332E+02  3.809300E+02  3.767133E+02  3.732392E+02
  3.697599E+02  3.654225E+02  3.638802E+02  3.604401E+02  3.579353E+02
  3.549741E+02  3.523182E+02  3.500257E+02  3.474507E+02  3.449062E+02
  3.406886E+02  3.395554E+02  3.351504E+02  3.350685E+02  3.295898E+02
  3.253810E+02  3.260583E+02  3.240038E+02  3.168196E+02  3.179168E+02
  3.131321E+02  3.124537E+02  3.097890E+02  3.084670E+02  3.041980E+02
  3.025308E+02  3.022227E+02  2.944703E+02  2.983568E+02  2.972530E+02
  2.871665E+02  2.868224E+02  2.883326E+02  2.852126E+02  2.818689E+02
  2.804747E+02  2.778024E+02  2.752476E+02  2.736112E+02  2.716537E+02
  2.682374E+02  2.661333E+02  2.658848E+02  2.627743E+02  2.606047E+02
  2.550931E+02  2.583633E+02  2.495922E+02  2.491255E+02  2.507980E+02
  2.477499E+02  2.445250E+02  2.407018E+02  2.380706E+02  2.375606E+02
  2.386860E+02  2.358943E+02  2.286491E+02  2.254770E+02  2.266467E+02
  2.248592E+02  2.235650E+02  2.217395E+02  2.191094E+02  2.171552E+02
  2.125493E+02  2.082478E+02  2.103953E+02  2.095883E+02  2.070828E+02
  2.037300E+02  2.010815E+02  1.993987E+02  1.994713E+02  1.959871E+02
  1.955475E+02  1.898795E+02  1.852821E+02  1.878220E+02  1.857071E+02
  1.839371E+02  1.824877E+02  1.798418E+02  1.788391E+02  1.772616E+02
  1.747046E+02  1.730695E+02  1.723440E+02  1.706273E+02  1.687750E+02
  1.673800E+02  1.671425E+02  1.643797E+02  1.580106E+02  1.588840E+02
  1.599832E+02  1.579567E+02  1.556663E+02  1.532905E+02  1.519705E+02
  1.516147E+02  1.502951E+02  1.493536E+02  1.485500E+02  1.424687E+02
  1.399435E+02  1.446904E+02  1.429759E+02  1.395781E+02  1.379445E+02
  1.381962E+02  1.369496E+02  1.355593E+02  1.341624E+02  1.331452E+02
  1.317143E+02  1.307080E+02  1.300925E+02  1.250077E+02  1.229737E+02
  1.258435E+02  1.256327E+02  1.233325E+02  1.220853E+02  1.211352E+02
  1.196171E+02  1.185809E+02  1.180675E+02  1.169484E+02  1.156981E+02
  1.148146E+02  1.140384E+02  1.134157E+02  1.119764E+02  1.107239E+02
  1.095771E+02  1.082000E+02  1.071308E+02  1.064906E+02  1.056351E+02
  1.043093E+02  1.028449E+02  1.015684E+02  1.005457E+02  1.000027E+02
  9.900692E+01  9.791875E+01  9.699967E+01  9.590897E+01  9.515237E+01
  9.498900E+01  9.430071E+01  9.341522E+01  9.258313E+01  9.176473E+01
  9.140437E+01  9.084655E+01  9.023166E+01  8.957323E+01  8.896344E+01
  8.838061E+01  8.739665E+01  8.448477E+01  8.334153E+01  8.405033E+01
  8.438610E+01  8.369698E+01  8.316195E+01  8.263717E+01  8.231700E+01
  8.107894E+01  8.022888E+01  7.966703E+01  7.945471E+01  7.860416E+01
  7.794228E+01  7.722313E+01  7.648793E+01  7.566400E+01  7.502297E+01
  7.424848E+01  7.352111E+01  7.300038E+01  7.248426E+01  7.215724E+01
  7.135471E+01  7.082391E+01  7.028995E+01  6.962907E+01  6.898771E+01
  6.872211E+01  6.845950E+01  6.785446E+01  6.702261E+01  6.609860E+01
  6.547721E+01  6.518625E+01  6.487948E+01  6.453962E+01  6.387253E+01
  6.299657E+01  6.241227E+01  6.233050E+01  6.194359E+01  6.145601E+01
  6.074790E+01  6.005050E+01  5.949883E+01  5.941621E+01  5.933622E+01
  5.903098E+01  5.850919E+01  5.766922E+01  5.711692E+01  5.679165E+01
  5.669659E+01  5.625394E+01  5.589785E+01  5.524769E+01  5.466317E+01
  5.399043E+01  5.384657E+01  5.363189E+01  5.335631E+01  5.285205E+01
  5.218070E+01  5.175281E+01  5.141675E+01  5.135416E+01  5.123354E+01
  5.083068E+01  5.038877E+01  4.991012E+01  4.958454E+01  4.932825E+01
  4.901201E+01  4.850300E+01  4.793576E+01  4.745398E+01  4.705025E+01
  4.678943E+01  4.646760E+01  4.615631E+01  4.597256E+01  4.575728E+01
  4.532270E+01  4.491364E+01  4.454403E+01  4.438116E+01  4.437612E+01
  4.417732E+01  4.399002E+01  4.368121E+01  4.289356E+01  4.226006E+01
  4.202086E+01  4.182400E+01  4.207598E+01  4.177842E+01  4.135950E+01
  4.113651E+01  4.061862E+01  4.023117E+01  3.992206E+01  3.963175E+01
  3.952554E+01  3.925795E+01  3.903507E+01  3.877280E+01  3.850036E+01
  3.822449E+01  3.798125E+01  3.770728E+01  3.744735E+01  3.720024E+01
  3.696065E+01  3.669302E+01  3.648888E+01  3.624377E+01  3.593794E+01
  3.557251E+01  3.526336E+01  3.501820E+01  3.483554E+01  3.471292E+01
  3.450590E+01  3.430564E+01  3.412660E+01  3.391640E+01  3.370160E+01
  3.347541E+01  3.324635E+01  3.303408E+01  3.282063E+01  3.260156E+01
  3.239986E+01  3.216165E+01  3.194751E+01  3.172244E+01  3.149897E+01
  3.131052E+01  3.109846E+01  3.080009E+01  3.051389E+01  3.030483E+01
  3.010951E+01  2.999828E+01  2.990609E+01  2.972889E+01  2.953809E+01
  2.936582E+01  2.917058E+01  2.898149E+01  2.876508E+01  2.856927E+01
  2.838860E+01  2.820152E+01  2.803152E+01  2.786301E+01  2.768347E+01
  2.751048E+01  2.736316E+01  2.720583E+01  2.704339E+01  2.687283E+01
  2.670055E+01  2.652499E+01  2.633180E+01  2.615251E+01  2.598402E+01
  2.582754E+01  2.567010E+01  2.552944E+01  2.536625E+01  2.518834E+01
  2.494015E+01  2.469203E+01  2.452765E+01  2.438265E+01  2.425814E+01
  2.422184E+01  2.410550E+01  2.396002E+01  2.381756E+01  2.366702E+01
  2.352010E+01  2.339203E+01  2.323223E+01  2.309084E+01  2.296688E+01
  2.280747E+01  2.261697E+01  2.249386E+01  2.234996E+01  2.221154E+01
  2.211828E+01  2.202583E+01  2.188888E+01  2.172691E+01  2.160018E+01
  2.146882E+01  2.132287E+01  2.119356E+01  2.110054E+01  2.096433E+01
  2.084450E+01  2.073967E+01  2.062164E+01  2.048909E+01  2.038019E+01
  2.025019E+01  2.012549E+01  2.000580E+01  1.990068E+01  1.977171E+01
  1.965678E+01  1.952722E+01  1.941583E+01  1.930131E+01  1.919038E+01
  1.907491E+01  1.897844E+01  1.886730E+01  1.874785E+01  1.862797E+01
  1.851160E+01  1.835123E+01  1.816441E+01  1.804925E+01  1.795151E+01
  1.784863E+01  1.771941E+01  1.768266E+01  1.761606E+01  1.751750E+01
  1.741664E+01  1.733810E+01  1.728824E+01  1.718626E+01  1.709131E+01
  1.699008E+01  1.688477E+01  1.678152E+01  1.668899E+01  1.659241E+01
  1.650150E+01  1.640678E+01  1.628519E+01  1.618548E+01  1.609210E+01
  1.598496E+01  1.588621E+01  1.581548E+01  1.575811E+01  1.567814E+01
  1.560061E+01  1.553497E+01  1.545254E+01  1.537531E+01  1.529940E+01
  1.521442E+01  1.512645E+01  1.503774E+01  1.495459E+01  1.487310E+01
  1.478959E+01  1.470666E+01  1.463004E+01  1.455854E+01  1.447996E+01
  1.440154E+01  1.432359E+01  1.424793E+01  1.416990E+01  1.408460E+01
  1.400304E+01  1.392972E+01  1.385684E+01  1.377416E+01  1.369274E+01
  1.362448E+01  1.355115E+01  1.347628E+01  1.339519E+01  1.332638E+01
  1.326627E+01  1.319142E+01  1.312487E+01  1.305860E+01  1.299502E+01
  1.293457E+01  1.286840E+01  1.280341E+01  1.273991E+01  1.267266E+01
  1.260123E+01  1.252737E+01  1.244822E+01  1.236865E+01  1.229838E+01
  1.223075E+01  1.216214E+01  1.209150E+01  1.200816E+01  1.195260E+01
  1.189348E+01  1.180124E+01  1.171251E+01  1.163599E+01  1.157310E+01
  1.152361E+01  1.146288E+01  1.140809E+01  1.137897E+01  1.130776E+01
  1.121142E+01  1.113933E+01  1.107155E+01  1.100493E+01  1.094144E+01
  1.088768E+01  1.085968E+01  1.084689E+01  1.081771E+01  1.077220E+01
  1.072245E+01  1.066885E+01  1.061538E+01  1.056370E+01  1.051783E+01
  1.046327E+01  1.041777E+01  1.037585E+01  1.032657E+01  1.027645E+01
  1.023097E+01  1.018578E+01  1.014333E+01  1.009231E+01  1.003445E+01
  9.981000E+00  9.934883E+00  9.886058E+00  9.828116E+00  9.775711E+00
  9.725800E+00  9.677486E+00  9.635473E+00  9.592313E+00  9.544671E+00
  9.498799E+00  9.460804E+00  9.415427E+00  9.371001E+00  9.329521E+00
  9.283024E+00  9.231509E+00  9.178620E+00  9.128475E+00  9.081409E+00
  9.036310E+00  8.991301E+00  8.944164E+00  8.894990E+00  8.850791E+00
  8.805183E+00  8.758384E+00  8.716949E+00  8.673877E+00  8.623116E+00
  8.575445E+00  8.540002E+00  8.504387E+00  8.472435E+00  8.438176E+00
  8.390137E+00  8.323356E+00  8.275416E+00  8.242002E+00  8.196200E+00
  8.155110E+00  8.118207E+00  8.080089E+00  8.045602E+00  8.025396E+00
  8.011977E+00  7.978128E+00  7.948743E+00  7.912499E+00  7.875523E+00
  7.839626E+00  7.805681E+00  7.773570E+00  7.738382E+00  7.701071E+00
  7.660019E+00  7.622761E+00  7.589891E+00  7.554809E+00  7.518295E+00
  7.479944E+00  7.444043E+00  7.407701E+00  7.374692E+00  7.342645E+00
  7.309339E+00  7.265080E+00  7.222163E+00  7.188064E+00  7.157766E+00
  7.127591E+00  7.097899E+00  7.067289E+00  7.038316E+00  7.006309E+00
  6.981771E+00  6.958472E+00  6.927706E+00  6.896826E+00  6.864766E+00
  6.833440E+00  6.802051E+00  6.770273E+00  6.742640E+00  6.702706E+00
  6.641034E+00  6.591817E+00  6.546390E+00  6.503510E+00  6.459714E+00
  6.417817E+00  6.377025E+00  6.334737E+00  6.301416E+00  6.292362E+00
  6.261371E+00  6.212605E+00  6.170729E+00  6.128060E+00  6.088518E+00
  6.046776E+00  6.009209E+00  5.973257E+00  5.935892E+00  5.902149E+00
  5.888976E+00  5.864844E+00  5.822728E+00  5.787921E+00  5.751662E+00
  5.719854E+00  5.687778E+00  5.653882E+00  5.622173E+00  5.590642E+00
  5.561250E+00  5.545028E+00  5.536222E+00  5.510022E+00  5.480753E+00
  5.451990E+00  5.422272E+00  5.397710E+00  5.371959E+00  5.344842E+00
  5.322031E+00  5.293394E+00  5.266970E+00  5.252128E+00  5.239553E+00
  5.209638E+00  5.184716E+00  5.160192E+00  5.134420E+00  5.111557E+00
  5.082425E+00  5.062710E+00  5.041934E+00  5.017155E+00  4.991996E+00
  4.982885E+00  4.968538E+00  4.941811E+00  4.918416E+00  4.895548E+00
  4.875452E+00  4.855299E+00  4.832194E+00  4.810590E+00  4.792739E+00
  4.771326E+00  4.752835E+00  4.739476E+00  4.729991E+00  4.712167E+00
  4.685284E+00  4.662028E+00  4.643873E+00  4.625792E+00  4.608613E+00
  4.591608E+00  4.572738E+00  4.554503E+00  4.538260E+00  4.520908E+00
  4.509819E+00  4.505079E+00  4.492352E+00  4.472715E+00  4.458138E+00
  4.444116E+00  4.427149E+00  4.411241E+00  4.394702E+00  4.377297E+00
  4.360433E+00  4.344137E+00  4.328301E+00  4.312905E+00  4.299191E+00
  4.279530E+00  4.261214E+00  4.245194E+00  4.227174E+00  4.210651E+00
  4.191729E+00  4.175128E+00  4.158214E+00  4.142838E+00  4.126711E+00
  4.112283E+00  4.099601E+00  4.088008E+00  4.072565E+00  4.058400E+00
  4.043001E+00  4.030098E+00  4.014656E+00  4.000914E+00  3.981925E+00
  3.966851E+00  3.951584E+00  3.936315E+00  3.919504E+00  3.904528E+00
  3.890068E+00  3.874521E+00  3.860051E+00  3.842857E+00  3.828844E+00
  3.813746E+00  3.801880E+00  3.786006E+00  3.770078E+00  3.756248E+00
  3.741446E+00  3.724961E+00  3.711289E+00  3.696362E+00  3.683999E+00
  3.670406E+00  3.657574E+00  3.642399E+00  3.629283E+00  3.614138E+00
  3.602144E+00  3.587443E+00  3.572124E+00  3.560918E+00  3.545376E+00
  3.525411E+00  3.500229E+00  3.475746E+00  3.451710E+00  3.427522E+00
  3.402201E+00  3.376746E+00  3.348957E+00  3.322118E+00  3.295604E+00
  3.268334E+00  3.245047E+00  3.222609E+00  3.200223E+00  3.179759E+00
  3.157984E+00  3.137586E+00  3.115253E+00  3.092815E+00  3.070440E+00
  3.046655E+00  3.022739E+00  3.001794E+00  2.980087E+00  2.959359E+00
  2.939122E+00  2.918413E+00  2.898209E+00  2.877600E+00  2.857206E+00
  2.837510E+00  2.817899E+00  2.797436E+00  2.778089E+00  2.758537E+00
  2.739205E+00  2.721164E+00  2.701655E+00  2.682574E+00  2.663938E+00
  2.645126E+00  2.627429E+00  2.609141E+00  2.590077E+00  2.571586E+00
  2.554496E+00  2.537506E+00  2.519973E+00  2.503676E+00  2.486689E+00
  2.470858E+00  2.454817E+00  2.438347E+00  2.422649E+00  2.406555E+00
  2.390233E+00  2.372812E+00  2.357934E+00  2.342566E+00  2.326880E+00
  2.310951E+00  2.295404E+00  2.280765E+00  2.266656E+00  2.252196E+00
  2.236859E+00  2.222486E+00  2.207525E+00  2.193842E+00  2.178989E+00
  2.164925E+00  2.150661E+00  2.137455E+00  2.123057E+00  2.110043E+00
  2.095844E+00  2.083161E+00  2.068741E+00  2.055900E+00  2.042137E+00
  2.029443E+00  2.015619E+00  2.003226E+00  1.989464E+00  1.976890E+00
  1.962891E+00  1.949590E+00  1.935194E+00  1.923185E+00  1.910409E+00
  1.898343E+00  1.884966E+00  1.873408E+00  1.861718E+00  1.851164E+00
  1.840878E+00  1.830108E+00  1.818007E+00  1.806433E+00  1.795744E+00
  1.785163E+00  1.774228E+00  1.762766E+00  1.751817E+00  1.740334E+00
  1.729161E+00  1.717897E+00  1.707392E+00  1.696295E+00  1.685916E+00
  1.675293E+00  1.665180E+00  1.654817E+00  1.644766E+00  1.635145E+00
  1.625507E+00  1.616012E+00  1.605439E+00  1.595317E+00  1.584956E+00
  1.575120E+00  1.565330E+00  1.555633E+00  1.545974E+00  1.536270E+00
  1.526592E+00  1.516877E+00  1.508160E+00  1.499275E+00  1.490599E+00
  1.481629E+00  1.472431E+00  1.463599E+00  1.454741E+00  1.446164E+00
  1.437663E+00  1.429385E+00  1.421024E+00  1.412406E+00  1.403903E+00
  1.395351E+00  1.387218E+00  1.378534E+00  1.369655E+00  1.361341E+00
  1.353125E+00  1.345041E+00  1.336895E+00  1.328943E+00  1.321088E+00
  1.313256E+00  1.305462E+00  1.297861E+00  1.290758E+00  1.283667E+00
  1.276060E+00  1.268608E+00  1.261115E+00  1.253671E+00  1.246276E+00
  1.239011E+00  1.231826E+00  1.224613E+00  1.217460E+00  1.210240E+00
  1.203092E+00  1.196088E+00  1.189014E+00  1.182097E+00  1.175244E+00
  1.168242E+00  1.161216E+00  1.154268E+00  1.147538E+00  1.140873E+00
  1.134302E+00  1.127872E+00  1.121420E+00  1.115048E+00  1.108718E+00
  1.102391E+00  1.096208E+00  1.090097E+00  1.084108E+00  1.077999E+00
  1.071893E+00  1.065854E+00  1.059801E+00  1.053685E+00  1.047701E+00
  1.041802E+00  1.035937E+00  1.030102E+00  1.024335E+00  1.018628E+00
  1.012820E+00  1.006913E+00  1.001258E+00  9.956790E-01  9.901525E-01
  9.847132E-01  9.792785E-01  9.738400E-01  9.684109E-01  9.630390E-01
  9.577241E-01  9.523954E-01  9.471789E-01  9.422342E-01  9.371999E-01
  9.320534E-01  9.269258E-01  9.218760E-01  9.168531E-01  9.118299E-01
  9.067941E-01  9.018418E-01  8.969319E-01  8.920327E-01  8.871736E-01
  8.823309E-01  8.775345E-01  8.727706E-01  8.680474E-01  8.633802E-01
  8.587532E-01  8.541329E-01  8.494565E-01  8.449193E-01  8.404223E-01
  8.359182E-01  8.314675E-01  8.270901E-01  8.227393E-01  8.183574E-01
  8.139714E-01  8.096288E-01  8.052650E-01  8.007963E-01  7.960988E-01
  7.917676E-01  7.876636E-01  7.834787E-01  7.790907E-01  7.748143E-01
  7.707302E-01  7.666760E-01  7.626246E-01  7.586312E-01  7.547176E-01
  7.507997E-01  7.469602E-01  7.433012E-01  7.399030E-01  7.362577E-01
  7.324579E-01  7.286796E-01  7.251690E-01  7.216405E-01  7.179702E-01
  7.142950E-01  7.106560E-01  7.069939E-01  7.033068E-01  6.996944E-01
  6.961413E-01  6.925810E-01  6.890494E-01  6.855341E-01  6.820403E-01
  6.786045E-01  6.751813E-01  6.717480E-01  6.683505E-01  6.649668E-01
  6.616043E-01  6.582765E-01  6.550209E-01  6.517793E-01  6.485165E-01
  6.452725E-01  6.420502E-01  6.388353E-01  6.356501E-01  6.324882E-01
  6.293360E-01  6.261934E-01  6.230812E-01  6.199885E-01  6.169150E-01
  6.138603E-01  6.108152E-01  6.077895E-01  6.047688E-01  6.017636E-01
  5.987691E-01  5.957941E-01  5.928597E-01  5.899244E-01  5.869706E-01
  5.840773E-01  5.812242E-01  5.783910E-01  5.755806E-01  5.727850E-01
  5.699869E-01  5.671675E-01  5.643552E-01  5.615886E-01  5.588673E-01
  5.561478E-01  5.534364E-01  5.507718E-01  5.481197E-01  5.454939E-01
  5.429117E-01  5.403255E-01  5.377312E-01  5.351625E-01  5.325945E-01
  5.300413E-01  5.275053E-01  5.250082E-01  5.225549E-01  5.201123E-01
  5.176302E-01  5.151454E-01  5.127238E-01  5.103249E-01  5.078961E-01
  5.054751E-01  5.030779E-01  5.007098E-01  4.983585E-01  4.960151E-01
  4.936809E-01  4.913648E-01  4.890523E-01  4.867550E-01  4.844805E-01
  4.822158E-01  4.799656E-01  4.777512E-01  4.755673E-01  4.733773E-01
  4.711819E-01  4.690100E-01  4.668613E-01  4.647143E-01  4.625763E-01
  4.604438E-01  4.583181E-01  4.562046E-01  4.541018E-01  4.520059E-01
  4.499312E-01  4.478681E-01  4.458122E-01  4.437765E-01  4.417488E-01
  4.397313E-01  4.377258E-01  4.357388E-01  4.337657E-01  4.317958E-01
  4.298265E-01  4.278590E-01  4.259024E-01  4.239715E-01  4.220598E-01
  4.201586E-01  4.182483E-01  4.163536E-01  4.144905E-01  4.126377E-01
  4.107906E-01  4.089484E-01  4.070873E-01  4.052175E-01  4.033770E-01
  4.015692E-01  3.997774E-01  3.979948E-01  3.962210E-01  3.944587E-01
  3.927166E-01  3.909828E-01  3.892399E-01  3.874984E-01  3.857705E-01
  3.840744E-01  3.824030E-01  3.807221E-01  3.790280E-01  3.773455E-01
  3.756884E-01  3.740569E-01  3.724625E-01  3.708668E-01  3.692467E-01
  3.676324E-01  3.660257E-01  3.644202E-01  3.628214E-01  3.612367E-01
  3.596710E-01  3.581146E-01  3.565718E-01  3.550435E-01  3.535248E-01
  3.520062E-01  3.504879E-01  3.489773E-01  3.474843E-01  3.460039E-01
  3.445270E-01  3.430470E-01  3.415719E-01  3.401128E-01  3.386776E-01
  3.372506E-01  3.358183E-01  3.343940E-01  3.329820E-01  3.315794E-01
  3.301848E-01  3.287938E-01  3.274094E-01  3.260311E-01  3.246553E-01
  3.232856E-01  3.219225E-01  3.205660E-01  3.192160E-01  3.178724E-01
  3.165353E-01  3.152033E-01  3.138756E-01  3.125574E-01  3.112482E-01
  3.099442E-01  3.086416E-01  3.073479E-01  3.060650E-01  3.047886E-01
  3.035200E-01  3.022607E-01  3.010048E-01  2.997525E-01  2.985095E-01
  2.972740E-01  2.960450E-01  2.948252E-01  2.936117E-01  2.924037E-01
  2.912015E-01  2.900048E-01  2.888164E-01  2.876358E-01  2.864607E-01
  2.852874E-01  2.841148E-01  2.829442E-01  2.817869E-01  2.806427E-01
  2.795031E-01  2.783626E-01  2.772198E-01  2.760835E-01  2.749594E-01
  2.738431E-01  2.727349E-01  2.716334E-01  2.705370E-01  2.694450E-01
  2.683545E-01  2.672712E-01  2.661937E-01  2.651213E-01  2.640540E-01
  2.629916E-01  2.619341E-01  2.608824E-01  2.598385E-01  2.588021E-01
  2.577776E-01  2.567594E-01  2.557417E-01  2.547256E-01  2.537157E-01
  2.527162E-01  2.517282E-01  2.507452E-01  2.497622E-01  2.487814E-01
  2.478029E-01  2.468285E-01  2.458587E-01  2.448933E-01  2.439361E-01
  2.410939E-01  2.364476E-01  2.319119E-01  2.274649E-01  2.231173E-01
  2.188647E-01  2.147094E-01  2.106446E-01  2.066771E-01  2.028078E-01
  1.990337E-01  1.953566E-01  1.917589E-01  1.882412E-01  1.847973E-01
  1.814323E-01  1.781439E-01  1.749221E-01  1.717863E-01  1.687305E-01
  1.657325E-01  1.627950E-01  1.599205E-01  1.571000E-01  1.543467E-01
  1.516510E-01  1.490236E-01  1.464568E-01  1.439449E-01  1.414970E-01
  1.390921E-01  1.367315E-01  1.344224E-01  1.321539E-01  1.299366E-01
  1.277681E-01  1.256427E-01  1.235722E-01  1.215434E-01  1.195535E-01
  1.176078E-01  1.156944E-01  1.138119E-01  1.119682E-01  1.101603E-01
  1.083877E-01  1.066535E-01  1.049527E-01  1.032891E-01  1.016660E-01
  1.000782E-01  9.851814E-02  9.698977E-02  9.549121E-02  9.401432E-02
  9.256523E-02  9.114192E-02  8.974654E-02  8.837707E-02  8.703354E-02
  8.571447E-02  8.441988E-02  8.315202E-02  8.191207E-02  8.069578E-02
  7.950275E-02  7.833050E-02  7.717976E-02  7.605181E-02  7.493982E-02
  7.384680E-02  7.277443E-02  7.172150E-02  7.068703E-02  6.967095E-02
  6.867290E-02  6.769211E-02  6.672718E-02  6.578190E-02  6.485732E-02
  6.394821E-02  6.305549E-02  6.217747E-02  6.131509E-02  6.046681E-02
  5.963372E-02  5.881542E-02  5.800920E-02  5.721524E-02  5.643390E-02
  5.566570E-02  5.490963E-02  5.416592E-02  5.343570E-02  5.271737E-02
  5.201180E-02  5.131786E-02  5.063470E-02  4.996628E-02  4.930880E-02
  4.866337E-02  4.802750E-02  4.740279E-02  4.678966E-02  4.618400E-02
  4.558947E-02  4.500465E-02  4.442846E-02  4.386096E-02  4.330256E-02
  4.275162E-02  4.221007E-02  4.167600E-02  4.115157E-02  4.063417E-02
  4.012413E-02  3.962335E-02  3.912912E-02  3.864124E-02  3.816206E-02
  3.769105E-02  3.722662E-02  3.677067E-02  3.632175E-02  3.587964E-02
  3.544403E-02  3.501496E-02  3.459253E-02  3.417637E-02  3.376639E-02
  3.336280E-02  3.296551E-02  3.257388E-02  3.218785E-02  3.180742E-02
  3.143271E-02  3.106354E-02  3.069970E-02  3.034102E-02  2.998778E-02
  2.963958E-02  2.929638E-02  2.895822E-02  2.862489E-02  2.829619E-02
  2.797237E-02  2.765308E-02  2.733817E-02  2.702785E-02  2.672204E-02
  2.642056E-02  2.612331E-02  2.583005E-02  2.554101E-02  2.525608E-02
  2.497498E-02  2.469784E-02  2.442445E-02  2.415482E-02  2.388895E-02
  2.362680E-02  2.336826E-02  2.311318E-02  2.286163E-02  2.261344E-02
  2.236857E-02  2.212692E-02  2.188852E-02  2.165342E-02  2.142150E-02
  2.119255E-02  2.096643E-02  2.074298E-02  2.052271E-02  2.030577E-02
  2.009170E-02  1.988047E-02  1.967193E-02  1.946608E-02  1.926295E-02
  1.906241E-02  1.886448E-02  1.866910E-02  1.847631E-02  1.828605E-02
  1.809819E-02  1.791260E-02  1.772948E-02  1.754866E-02  1.737027E-02
  1.719464E-02  1.702093E-02  1.684888E-02  1.667886E-02  1.651092E-02
  1.634523E-02  1.618160E-02  1.602007E-02  1.586047E-02  1.570291E-02
  1.554738E-02  1.539368E-02  1.524179E-02  1.509175E-02  1.494361E-02
  1.479734E-02  1.465295E-02  1.451027E-02  1.436921E-02  1.422983E-02
  1.409220E-02  1.395634E-02  1.382227E-02  1.368984E-02  1.355908E-02
  1.342988E-02  1.330214E-02  1.317589E-02  1.305110E-02  1.292776E-02
  1.280585E-02  1.268539E-02  1.256645E-02  1.244892E-02  1.233274E-02
  1.221788E-02  1.210434E-02  1.199208E-02  1.188110E-02  1.177144E-02
  1.166315E-02  1.155612E-02  1.145031E-02  1.134564E-02  1.124209E-02
  1.113973E-02  1.103854E-02  1.093847E-02  1.083959E-02  1.074189E-02
  1.064528E-02  1.054974E-02  1.045533E-02  1.036195E-02  1.026953E-02
  1.017812E-02  1.008772E-02  9.998360E-03  9.909980E-03  9.822571E-03
  9.736165E-03  9.650698E-03  9.566160E-03  9.482574E-03  9.399839E-03
  9.317985E-03  9.236998E-03  9.156883E-03  9.077677E-03  8.999379E-03
  8.921927E-03  8.845291E-03  8.769463E-03  8.694431E-03  8.620182E-03
  8.546710E-03  8.474004E-03  8.402056E-03  8.330861E-03  8.260423E-03
  8.190811E-03  8.121940E-03  8.053781E-03  7.986323E-03  7.919591E-03
  7.853563E-03  7.788210E-03  7.723523E-03  7.659498E-03  7.596123E-03
  7.533349E-03  7.471243E-03  7.409816E-03  7.349021E-03  7.288855E-03
  7.229336E-03  7.170417E-03  7.112092E-03  7.054353E-03  6.997181E-03
  6.940566E-03  6.884526E-03  6.829082E-03  6.774160E-03  6.719774E-03
  6.665930E-03  6.612640E-03  6.559885E-03  6.507690E-03  6.455983E-03
  6.404778E-03  6.354098E-03  6.303952E-03  6.254298E-03  6.205101E-03
  6.156366E-03  6.108121E-03  6.060352E-03  6.013088E-03  5.966284E-03
  5.919903E-03  5.873977E-03  5.828502E-03  5.783465E-03  5.738824E-03
  5.694611E-03  5.650833E-03  5.607503E-03  5.564564E-03  5.522034E-03
  5.479922E-03  5.438236E-03  5.396921E-03  5.356003E-03  5.315481E-03
  5.275357E-03  5.235608E-03  5.196271E-03  5.157290E-03  5.118627E-03
  5.080322E-03  5.042390E-03  5.004826E-03  4.967591E-03  4.930717E-03
  4.894171E-03  4.857894E-03  4.821940E-03  4.786392E-03  4.751149E-03
  4.716225E-03  4.681672E-03  4.647414E-03  4.613448E-03  4.579817E-03
  4.546498E-03  4.513470E-03  4.480770E-03  4.448355E-03  4.416198E-03
  4.384364E-03  4.352819E-03  4.321538E-03  4.290545E-03  4.259815E-03
  4.229359E-03  4.199210E-03  4.169288E-03  4.139629E-03  4.110266E-03
  4.081110E-03  4.052229E-03  4.023640E-03  3.995261E-03  3.967167E-03
  3.939321E-03  3.911709E-03  3.884405E-03  3.857284E-03  3.830395E-03
  3.803756E-03  3.777296E-03  3.751111E-03  3.725131E-03  3.699389E-03
  3.673923E-03  3.648620E-03  3.623555E-03  3.598677E-03  3.574000E-03
  3.549566E-03  3.525282E-03  3.501253E-03  3.477401E-03  3.453769E-03
  3.430362E-03  3.407105E-03  3.384116E-03  3.361269E-03  3.338646E-03
  3.316204E-03  3.293927E-03  3.271858E-03  3.249911E-03  3.228221E-03
  3.206660E-03  3.185309E-03  3.164131E-03  3.143130E-03  3.122330E-03
  3.101652E-03  3.081198E-03  3.060851E-03  3.040725E-03  3.020712E-03
  3.000897E-03  2.981218E-03  2.961703E-03  2.942370E-03  2.923171E-03
  2.904166E-03  2.885265E-03  2.866588E-03  2.848002E-03  2.829608E-03
  2.811299E-03  2.793191E-03  2.775179E-03  2.757371E-03  2.739662E-03
  2.722129E-03  2.704712E-03  2.687466E-03  2.670340E-03  2.653359E-03
  2.636504E-03  2.619778E-03  2.603190E-03  2.586720E-03  2.570390E-03
  2.554171E-03  2.538105E-03  2.522153E-03  2.506332E-03  2.490605E-03
  2.475028E-03  2.459563E-03  2.444240E-03  2.429033E-03  2.413949E-03
  2.398980E-03  2.384121E-03  2.369383E-03  2.354741E-03  2.340232E-03
  2.325803E-03  2.311519E-03  2.297300E-03  2.283235E-03  2.269227E-03
  2.255395E-03  2.241608E-03  2.227985E-03  2.214405E-03  2.200996E-03
  2.187636E-03  2.174423E-03  2.161269E-03  2.148229E-03  2.135266E-03
  2.122400E-03  2.109660E-03  2.096977E-03  2.084436E-03  2.071937E-03
  2.059614E-03  2.047326E-03  2.035181E-03  2.023082E-03  2.011090E-03
  1.999171E-03  1.987323E-03  1.975596E-03  1.963906E-03  1.952356E-03
  1.940833E-03  1.929456E-03  1.918125E-03  1.906894E-03  1.895749E-03
  1.884652E-03  1.873686E-03  1.862741E-03  1.851930E-03  1.841151E-03
  1.830472E-03  1.819872E-03  1.809320E-03  1.798902E-03  1.788503E-03
  1.778230E-03  1.767994E-03  1.757837E-03  1.747772E-03  1.737735E-03
  1.727837E-03  1.717958E-03  1.708189E-03  1.698487E-03  1.688823E-03
  1.679267E-03  1.669723E-03  1.660290E-03  1.650903E-03  1.641565E-03
  1.632334E-03  1.623115E-03  1.614016E-03  1.604960E-03  1.595951E-03
  1.587047E-03  1.578152E-03  1.569362E-03  1.560614E-03  1.551904E-03
  1.543302E-03  1.534708E-03  1.526215E-03  1.517780E-03  1.509369E-03
  1.501067E-03  1.492777E-03  1.484558E-03  1.476415E-03  1.468281E-03
  1.460250E-03  1.452249E-03  1.444288E-03  1.436434E-03  1.428585E-03
  1.420822E-03  1.413123E-03  1.405435E-03  1.397849E-03  1.390288E-03
  1.382759E-03  1.375317E-03  1.367880E-03  1.360509E-03  1.353205E-03
  1.345905E-03  1.338696E-03  1.331523E-03  1.324367E-03  1.317317E-03
  1.310284E-03  1.303287E-03  1.296385E-03  1.289488E-03  1.282646E-03
  1.275874E-03  1.269103E-03  1.262407E-03  1.255758E-03  1.249115E-03
  1.242557E-03  1.236030E-03  1.229514E-03  1.223094E-03  1.216696E-03
  1.210315E-03  1.204023E-03  1.197743E-03  1.191484E-03  1.185304E-03
  1.179130E-03  1.172990E-03  1.166944E-03  1.160904E-03  1.154897E-03
  1.148966E-03  1.143039E-03  1.137147E-03  1.131329E-03  1.125513E-03
  1.119732E-03  1.114022E-03  1.108314E-03  1.102640E-03  1.097038E-03
  1.091439E-03  1.085869E-03  1.080371E-03  1.074877E-03  1.069409E-03
  1.064022E-03  1.058640E-03  1.053276E-03  1.047989E-03  1.042709E-03
  1.037441E-03  1.032249E-03  1.027070E-03  1.021897E-03  1.016797E-03
  1.011718E-03  1.006641E-03  1.001628E-03  9.966468E-04  9.916658E-04
  9.867328E-04  9.818476E-04  9.769625E-04  9.721088E-04  9.673229E-04
  9.625394E-04  9.577711E-04  9.530788E-04  9.483968E-04  9.437188E-04
  9.391109E-04  9.345285E-04  9.299461E-04  9.254049E-04  9.209063E-04
  9.164076E-04  9.119292E-04  9.075149E-04  9.031053E-04  8.987007E-04
  8.943638E-04  8.900481E-04  8.857323E-04  8.814524E-04  8.772152E-04
  8.729781E-04  8.687549E-04  8.645999E-04  8.604539E-04  8.563086E-04
  8.522141E-04  8.481517E-04  8.440893E-04  8.400464E-04  8.360672E-04
  8.320929E-04  8.281198E-04  8.241946E-04  8.202943E-04  8.163939E-04
  8.125124E-04  8.086925E-04  8.048775E-04  8.010630E-04  7.972961E-04
  7.935597E-04  7.898234E-04  7.860982E-04  7.824297E-04  7.787692E-04
  7.751087E-04  7.714838E-04  7.679046E-04  7.643256E-04  7.607501E-04
  7.572314E-04  7.537324E-04  7.502334E-04  7.467477E-04  7.433112E-04
  7.398793E-04  7.364474E-04  7.330490E-04  7.296944E-04  7.263399E-04
  7.229869E-04  7.196799E-04  7.163954E-04  7.131109E-04  7.098328E-04
  7.066062E-04  7.033907E-04  7.001751E-04  6.969732E-04  6.938209E-04
  6.906730E-04  6.875252E-04  6.843990E-04  6.813165E-04  6.782353E-04
  6.751541E-04  6.721046E-04  6.690947E-04  6.660849E-04  6.630751E-04
  6.601003E-04  6.571548E-04  6.542094E-04  6.512644E-04  6.483600E-04
  6.454825E-04  6.426050E-04  6.397280E-04  6.368863E-04  6.340655E-04
  6.312447E-04  6.284244E-04  6.256422E-04  6.228826E-04  6.201231E-04
  6.173639E-04  6.146428E-04  6.119478E-04  6.092529E-04  6.065579E-04
  6.038966E-04  6.012661E-04  5.986355E-04  5.960049E-04  5.934001E-04
  5.908316E-04  5.882633E-04  5.856950E-04  5.831417E-04  5.806240E-04
  5.781078E-04  5.755916E-04  5.730844E-04  5.706192E-04  5.681592E-04
  5.656992E-04  5.632423E-04  5.608248E-04  5.584190E-04  5.560132E-04
  5.536076E-04  5.512329E-04  5.488814E-04  5.465300E-04  5.441785E-04
  5.418425E-04  5.395420E-04  5.372430E-04  5.349439E-04  5.326498E-04
  5.303975E-04  5.281547E-04  5.259119E-04  5.236691E-04  5.214531E-04
  5.192608E-04  5.170684E-04  5.148761E-04  5.126936E-04  5.105512E-04
  5.084130E-04  5.062748E-04  5.041371E-04  5.020291E-04  4.999393E-04
  4.978495E-04  4.957598E-04  4.936791E-04  4.916337E-04  4.895918E-04
  4.875498E-04  4.855080E-04  4.834927E-04  4.814982E-04  4.795038E-04
  4.775094E-04  4.755203E-04  4.735692E-04  4.716254E-04  4.696815E-04
  4.677377E-04  4.658092E-04  4.639107E-04  4.620128E-04  4.601150E-04
  4.582176E-04  4.563476E-04  4.544949E-04  4.526422E-04  4.507895E-04
  4.489402E-04  4.471239E-04  4.453158E-04  4.435077E-04  4.416997E-04
  4.398997E-04  4.381324E-04  4.363684E-04  4.346044E-04  4.328404E-04
  4.310895E-04  4.293677E-04  4.276470E-04  4.259264E-04  4.242057E-04
  4.225022E-04  4.208238E-04  4.191455E-04  4.174673E-04  4.157891E-04
  4.141308E-04  4.124945E-04  4.108582E-04  4.092219E-04  4.075856E-04
  4.059681E-04  4.043694E-04  4.027707E-04  4.011720E-04  3.995733E-04
  3.979938E-04  3.964355E-04  3.948772E-04  3.933190E-04  3.917607E-04
  3.902186E-04  3.887003E-04  3.871822E-04  3.856641E-04  3.841460E-04
  3.826386E-04  3.811555E-04  3.796734E-04  3.781913E-04  3.767092E-04
  3.752339E-04  3.737873E-04  3.723439E-04  3.709005E-04  3.694571E-04
  3.680159E-04  3.666002E-04  3.651916E-04  3.637831E-04  3.623746E-04
  3.609661E-04  3.595790E-04  3.582082E-04  3.568373E-04  3.554665E-04
  3.540956E-04  3.527346E-04  3.513994E-04  3.500654E-04  3.487315E-04
  3.473976E-04  3.460655E-04  3.447573E-04  3.434564E-04  3.421556E-04
  3.408547E-04  3.395538E-04  3.382667E-04  3.370011E-04  3.357357E-04
  3.344703E-04  3.332050E-04  3.319418E-04  3.307022E-04  3.294690E-04
  3.282359E-04  3.270027E-04  3.257695E-04  3.245465E-04  3.233443E-04
  3.221428E-04  3.209413E-04  3.197398E-04  3.185387E-04  3.173577E-04
  3.161874E-04  3.150171E-04  3.138468E-04  3.126765E-04  3.115098E-04
  3.103660E-04  3.092263E-04  3.080866E-04  3.069468E-04  3.058071E-04
  3.046755E-04  3.035650E-04  3.024555E-04  3.013460E-04  3.002366E-04
  2.991271E-04  2.980302E-04  2.969502E-04  2.958703E-04  2.947904E-04
  2.937105E-04  2.926307E-04  2.915665E-04  2.905155E-04  2.894645E-04
  2.884136E-04  2.873626E-04  2.863117E-04  2.852776E-04  2.842548E-04
  2.832319E-04  2.822091E-04  2.811862E-04  2.801635E-04  2.791570E-04
  2.781616E-04  2.771663E-04  2.761709E-04  2.751756E-04  2.741802E-04
  2.731992E-04  2.722309E-04  2.712627E-04  2.702944E-04  2.693262E-04
  2.683579E-04  2.674001E-04  2.664582E-04  2.655164E-04  2.645747E-04
  2.636329E-04  2.626911E-04  2.617553E-04  2.608379E-04  2.599219E-04
  2.590058E-04  2.580898E-04  2.571737E-04  2.562597E-04  2.553645E-04
  2.544738E-04  2.535830E-04  2.526923E-04  2.518015E-04  2.509108E-04
  2.500339E-04  2.491679E-04  2.483020E-04  2.474361E-04  2.465701E-04
  2.457042E-04  2.448431E-04  2.439998E-04  2.431581E-04  2.423164E-04
  2.414746E-04  2.406329E-04  2.397914E-04  2.389646E-04  2.381464E-04
  2.373282E-04  2.365100E-04  2.356918E-04  2.348737E-04  2.340593E-04
  2.332622E-04  2.324672E-04  2.316722E-04  2.308772E-04  2.300822E-04
  2.292872E-04  2.285019E-04  2.277293E-04  2.269567E-04  2.261841E-04
  2.254116E-04  2.246390E-04  2.238669E-04  2.231095E-04  2.223591E-04
  2.216086E-04  2.208581E-04  2.201076E-04  2.193571E-04  2.186085E-04
  2.178758E-04  2.171470E-04  2.164181E-04  2.156893E-04  2.149604E-04
  2.142315E-04  2.135056E-04  2.127955E-04  2.120877E-04  2.113799E-04
  2.106722E-04  2.099644E-04  2.092566E-04  2.085521E-04  2.078629E-04
  2.071755E-04  2.064882E-04  2.058008E-04  2.051135E-04  2.044262E-04
  2.037416E-04  2.030721E-04  2.024048E-04  2.017376E-04  2.010704E-04
  2.004031E-04  1.997359E-04  1.990702E-04  1.984190E-04  1.977714E-04
  1.971239E-04  1.964763E-04  1.958287E-04  1.951811E-04  1.945338E-04
  1.938990E-04  1.932707E-04  1.926423E-04  1.920139E-04  1.913856E-04
  1.907572E-04  1.901289E-04  1.895077E-04  1.888978E-04  1.882880E-04
  1.876782E-04  1.870684E-04  1.864586E-04  1.858488E-04  1.852412E-04
  1.846473E-04  1.840558E-04  1.834643E-04  1.828728E-04  1.822812E-04
  1.816897E-04  1.810982E-04  1.805156E-04  1.799418E-04  1.793680E-04
  1.787942E-04  1.782203E-04  1.776465E-04  1.770727E-04  1.765005E-04
  1.759413E-04  1.753849E-04  1.748284E-04  1.742720E-04  1.737156E-04
  1.731592E-04  1.726027E-04  1.720513E-04  1.715114E-04  1.709719E-04
  1.704325E-04  1.698931E-04  1.693537E-04  1.688142E-04  1.682748E-04
  1.677436E-04  1.672208E-04  1.666979E-04  1.661750E-04  1.656521E-04
  1.651293E-04  1.646064E-04  1.640837E-04  1.635709E-04  1.630640E-04
  1.625572E-04  1.620504E-04  1.615435E-04  1.610367E-04  1.605298E-04
  1.600232E-04  1.595268E-04  1.590358E-04  1.585447E-04  1.580537E-04
  1.575626E-04  1.570715E-04  1.565805E-04  1.560895E-04  1.556078E-04
  1.551321E-04  1.546564E-04  1.541808E-04  1.537051E-04  1.532294E-04
  1.527537E-04  1.522780E-04  1.518091E-04  1.513483E-04  1.508876E-04
  1.504269E-04  1.499662E-04  1.495054E-04  1.490447E-04  1.485840E-04
  1.481266E-04  1.476796E-04  1.472334E-04  1.467871E-04  1.463409E-04
  1.458946E-04  1.454484E-04  1.450021E-04  1.445565E-04  1.441210E-04
  1.436890E-04  1.432569E-04  1.428249E-04  1.423929E-04  1.419609E-04
  1.415288E-04  1.410968E-04  1.406693E-04  1.402508E-04  1.398325E-04
  1.394142E-04  1.389959E-04  1.385777E-04  1.381594E-04  1.377411E-04
  1.373231E-04  1.369141E-04  1.365093E-04  1.361046E-04  1.356998E-04
  1.352950E-04  1.348902E-04  1.344854E-04  1.340806E-04  1.336774E-04
  1.332840E-04  1.328923E-04  1.325006E-04  1.321089E-04  1.317171E-04
  1.313254E-04  1.309337E-04  1.305419E-04  1.301530E-04  1.297734E-04
  1.293945E-04  1.290156E-04  1.286367E-04  1.282578E-04  1.278789E-04
  1.275000E-04  1.271211E-04  1.267454E-04  1.263785E-04  1.260121E-04
  1.256457E-04  1.252792E-04  1.249128E-04  1.245464E-04  1.241800E-04
  1.238136E-04  1.234497E-04  1.230947E-04  1.227404E-04  1.223861E-04
  1.220318E-04  1.216776E-04  1.213233E-04  1.209690E-04  1.206147E-04
  1.202616E-04  1.199174E-04  1.195749E-04  1.192324E-04  1.188900E-04
  1.185475E-04  1.182050E-04  1.178625E-04  1.175200E-04  1.171776E-04
  1.168424E-04  1.165114E-04  1.161804E-04  1.158494E-04  1.155184E-04
  1.151874E-04  1.148564E-04  1.145254E-04  1.141944E-04  1.138661E-04
  1.135457E-04  1.132258E-04  1.129059E-04  1.125860E-04  1.122661E-04
  1.119462E-04  1.116263E-04  1.113064E-04  1.109866E-04  1.106733E-04
  1.103643E-04  1.100553E-04  1.097463E-04  1.094373E-04  1.091282E-04
  1.088192E-04  1.085102E-04  1.082012E-04  1.078930E-04  1.075926E-04
  1.072941E-04  1.069956E-04  1.066971E-04  1.063986E-04  1.061000E-04
  1.058015E-04  1.055030E-04  1.052045E-04  1.049075E-04  1.046182E-04
  1.043299E-04  1.040416E-04  1.037534E-04  1.034651E-04  1.031768E-04
  1.028885E-04  1.026002E-04  1.023119E-04  1.020252E-04  1.017460E-04
  1.014677E-04  1.011895E-04  1.009112E-04  1.006330E-04  1.003547E-04
  1.000764E-04  9.979817E-05  9.951991E-05  9.924254E-05  9.897242E-05
  9.870389E-05  9.843536E-05  9.816682E-05  9.789829E-05  9.762976E-05
  9.736122E-05  9.709269E-05  9.682415E-05  9.655573E-05  9.629323E-05
  9.603414E-05  9.577504E-05  9.551595E-05  9.525685E-05  9.499776E-05
  9.473867E-05  9.447957E-05  9.422047E-05  9.396138E-05  9.370470E-05
  9.345444E-05  9.320454E-05  9.295463E-05  9.270473E-05  9.245482E-05
  9.220492E-05  9.195501E-05  9.170510E-05  9.145520E-05  9.120539E-05
  9.096110E-05  9.072005E-05  9.047899E-05  9.023794E-05  8.999689E-05
  8.975583E-05  8.951478E-05  8.927372E-05  8.903267E-05  8.879161E-05
  8.855129E-05  8.831740E-05  8.808501E-05  8.785262E-05  8.762023E-05
  8.738784E-05  8.715545E-05  8.692306E-05  8.669067E-05  8.645828E-05
  8.622589E-05  8.599463E-05  8.576968E-05  8.554570E-05  8.532172E-05
  8.509773E-05  8.487375E-05  8.464977E-05  8.442579E-05  8.420181E-05
  8.397783E-05  8.375385E-05  8.353073E-05  8.331370E-05  8.309783E-05
  8.288197E-05  8.266610E-05  8.245024E-05  8.223437E-05  8.201851E-05
  8.180264E-05  8.158677E-05  8.137091E-05  8.115527E-05  8.094506E-05
  8.073714E-05  8.052922E-05  8.032130E-05  8.011338E-05  7.990546E-05
  7.969754E-05  7.948962E-05  7.928170E-05  7.907378E-05  7.886586E-05
  7.866071E-05  7.846039E-05  7.826017E-05  7.805994E-05  7.785971E-05
  7.765949E-05  7.745926E-05  7.725903E-05  7.705881E-05  7.685858E-05
  7.665835E-05  7.645842E-05  7.626373E-05  7.607096E-05  7.587820E-05
  7.568543E-05  7.549266E-05  7.529989E-05  7.510713E-05  7.491436E-05
  7.472159E-05  7.452882E-05  7.433605E-05  7.414433E-05  7.395803E-05
  7.377251E-05  7.358698E-05  7.340145E-05  7.321592E-05  7.303040E-05
  7.284487E-05  7.265934E-05  7.247381E-05  7.228828E-05  7.210275E-05
  7.191853E-05  7.173945E-05  7.156089E-05  7.138232E-05  7.120376E-05
  7.102520E-05  7.084664E-05  7.066808E-05  7.048952E-05  7.031096E-05
  7.013239E-05  6.995383E-05  6.977612E-05  6.960352E-05  6.943177E-05
  6.926002E-05  6.908827E-05  6.891651E-05  6.874476E-05  6.857301E-05
  6.840126E-05  6.822951E-05  6.805776E-05  6.788600E-05  6.771438E-05
  6.754709E-05  6.738194E-05  6.721678E-05  6.705162E-05  6.688646E-05
  6.672130E-05  6.655614E-05  6.639098E-05  6.622582E-05  6.606065E-05
  6.589549E-05  6.573033E-05  6.556673E-05  6.540767E-05  6.524890E-05
  6.509014E-05  6.493137E-05  6.477260E-05  6.461383E-05  6.445506E-05
  6.429629E-05  6.413753E-05  6.397876E-05  6.381999E-05  6.366122E-05
  6.350555E-05  6.335300E-05  6.320044E-05  6.304788E-05  6.289532E-05
  6.274277E-05  6.259021E-05  6.243765E-05  6.228509E-05  6.213253E-05
  6.197997E-05  6.182741E-05  6.167488E-05  6.152586E-05  6.137926E-05
  6.123267E-05  6.108607E-05  6.093948E-05  6.079289E-05  6.064629E-05
  6.049970E-05  6.035310E-05  6.020651E-05  6.005991E-05  5.991332E-05
  5.976672E-05  5.962293E-05  5.948214E-05  5.934135E-05  5.920055E-05
  5.905976E-05  5.891896E-05  5.877817E-05  5.863738E-05  5.849658E-05
  5.835579E-05  5.821499E-05  5.807420E-05  5.793340E-05  5.779380E-05
  5.765825E-05  5.752303E-05  5.738781E-05  5.725258E-05  5.711736E-05
  5.698214E-05  5.684692E-05  5.671169E-05  5.657647E-05  5.644125E-05
  5.630602E-05  5.617080E-05  5.603561E-05  5.590365E-05  5.577387E-05
  5.564408E-05  5.551430E-05  5.538451E-05  5.525473E-05  5.512494E-05
  5.499516E-05  5.486537E-05  5.473558E-05  5.460580E-05  5.447601E-05
  5.434622E-05  5.421673E-05  5.409104E-05  5.396652E-05  5.384200E-05
  5.371749E-05  5.359297E-05  5.346845E-05  5.334393E-05  5.321941E-05
  5.309489E-05  5.297037E-05  5.284585E-05  5.272133E-05  5.259681E-05
  5.247257E-05  5.235198E-05  5.223255E-05  5.211312E-05  5.199369E-05
  5.187425E-05  5.175482E-05  5.163539E-05  5.151596E-05  5.139652E-05
  5.127709E-05  5.115766E-05  5.103822E-05  5.091879E-05  5.079937E-05
  5.068280E-05  5.056830E-05  5.045379E-05  5.033929E-05  5.022478E-05
  5.011027E-05  4.999577E-05  4.988126E-05  4.976675E-05  4.965225E-05
  4.953774E-05  4.942323E-05  4.930873E-05  4.919422E-05  4.908056E-05
  4.897045E-05  4.886071E-05  4.875098E-05  4.864124E-05  4.853151E-05
  4.842177E-05  4.831203E-05  4.820230E-05  4.809256E-05  4.798283E-05
  4.787309E-05  4.776336E-05  4.765362E-05  4.754388E-05  4.743585E-05
  4.733064E-05  4.722548E-05  4.712031E-05  4.701515E-05  4.690999E-05
  4.680483E-05  4.669966E-05  4.659450E-05  4.648934E-05  4.638417E-05
  4.627901E-05  4.617385E-05  4.606868E-05  4.596352E-05  4.586003E-05
  4.575928E-05  4.565856E-05  4.555783E-05  4.545711E-05  4.535639E-05
  4.525567E-05  4.515495E-05  4.505423E-05  4.495351E-05  4.485278E-05
  4.475206E-05  4.465134E-05  4.455062E-05  4.444990E-05  4.434998E-05
  4.425319E-05  4.415673E-05  4.406026E-05  4.396379E-05  4.386733E-05
  4.377086E-05  4.367439E-05  4.357793E-05  4.348146E-05  4.338499E-05
  4.328852E-05  4.319206E-05  4.309559E-05  4.299912E-05  4.290267E-05
  4.280862E-05  4.271630E-05  4.262397E-05  4.253165E-05  4.243932E-05
  4.234700E-05  4.225467E-05  4.216235E-05  4.207002E-05  4.197769E-05
  4.188537E-05  4.179304E-05  4.170072E-05  4.160839E-05  4.151606E-05
  4.142390E-05  4.133456E-05  4.124624E-05  4.115791E-05  4.106959E-05
  4.098127E-05  4.089295E-05  4.080463E-05  4.071631E-05  4.062799E-05
  4.053966E-05  4.045134E-05  4.036302E-05  4.027470E-05  4.018638E-05
  4.009805E-05  4.000981E-05  3.992409E-05  3.983960E-05  3.975511E-05
  3.967062E-05  3.958614E-05  3.950165E-05  3.941716E-05  3.933267E-05
  3.924818E-05  3.916370E-05  3.907921E-05  3.899472E-05  3.891023E-05
  3.882574E-05  3.874125E-05  3.865676E-05  3.857351E-05  3.849266E-05
  3.841186E-05  3.833107E-05  3.825028E-05  3.816948E-05  3.808869E-05
  3.800790E-05  3.792710E-05  3.784631E-05  3.776551E-05  3.768472E-05
  3.760393E-05  3.752313E-05  3.744234E-05  3.736154E-05  3.728078E-05
  3.720225E-05  3.712506E-05  3.704787E-05  3.697068E-05  3.689349E-05
  3.681630E-05  3.673911E-05  3.666191E-05  3.658472E-05  3.650753E-05
  3.643034E-05  3.635315E-05  3.627596E-05  3.619877E-05  3.612157E-05
  3.604438E-05  3.596723E-05  3.589225E-05  3.581852E-05  3.574480E-05
  3.567107E-05  3.559735E-05  3.552362E-05  3.544990E-05  3.537617E-05
  3.530245E-05  3.522872E-05  3.515499E-05  3.508127E-05  3.500754E-05
  3.493382E-05  3.486009E-05  3.478637E-05  3.471264E-05  3.464009E-05
  3.456964E-05  3.449923E-05  3.442882E-05  3.435841E-05  3.428800E-05
  3.421760E-05  3.414719E-05  3.407678E-05  3.400637E-05  3.393596E-05
  3.386555E-05  3.379514E-05  3.372473E-05  3.365432E-05  3.358391E-05
  3.351350E-05  3.344316E-05  3.337494E-05  3.330772E-05  3.324050E-05
  3.317328E-05  3.310606E-05  3.303884E-05  3.297162E-05  3.290440E-05
  3.283718E-05  3.276996E-05  3.270274E-05  3.263552E-05  3.256829E-05
  3.250107E-05  3.243385E-05  3.236663E-05  3.229941E-05  3.223228E-05
  3.216724E-05  3.210310E-05  3.203895E-05  3.197481E-05  3.191067E-05
  3.184652E-05  3.178238E-05  3.171824E-05  3.165409E-05  3.158995E-05
  3.152580E-05  3.146166E-05  3.139752E-05  3.133337E-05  3.126923E-05
  3.120508E-05  3.114094E-05  3.107680E-05  3.101392E-05  3.095276E-05
  3.089160E-05  3.083045E-05  3.076929E-05  3.070813E-05  3.064697E-05
  3.058582E-05  3.052466E-05  3.046350E-05  3.040235E-05  3.034119E-05
  3.028003E-05  3.021887E-05  3.015771E-05  3.009656E-05  3.003540E-05
  2.997424E-05  2.991317E-05  2.985407E-05  2.979577E-05  2.973746E-05
  2.967916E-05  2.962085E-05  2.956255E-05  2.950424E-05  2.944594E-05
  2.938763E-05  2.932932E-05  2.927102E-05  2.921271E-05  2.915441E-05
  2.909610E-05  2.903780E-05  2.897949E-05  2.892118E-05  2.886288E-05
  2.880464E-05  2.874823E-05  2.869266E-05  2.863709E-05  2.858153E-05
  2.852596E-05  2.847039E-05  2.841483E-05  2.835926E-05  2.830369E-05
  2.824813E-05  2.819256E-05  2.813699E-05  2.808142E-05  2.802586E-05
  2.797029E-05  2.791472E-05  2.785916E-05  2.780359E-05  2.774802E-05
  2.769331E-05  2.764034E-05  2.758743E-05  2.753452E-05  2.748161E-05
  2.742870E-05  2.737579E-05  2.732288E-05  2.726997E-05  2.721706E-05
  2.716415E-05  2.711123E-05  2.705832E-05  2.700541E-05  2.695250E-05
  2.689959E-05  2.684668E-05  2.679376E-05  2.674085E-05  2.668794E-05
